Concept	Pronunciation	Phon_1st	KF	ln(KF)	BNC	ln(BNC)	Familiarity	Length_Letters	Length_Phonemes	Length_Syllables	Bigram	Trigram	ColtheartN	Num_Feats_Tax	Num_Feats_No_Tax	Num_Disting_Feats_No_Tax	Disting_Feats_%_No_Tax	Mean_Distinct_No_Tax	Mean_CV_No_Tax	Density_No_Tax	Num_Corred_Pairs_No_Tax	%_Corred_Pairs_No_Tax	Num_Func	Num_Vis_Mot	Num_VisF&S	Num_Vis_Col	Num_Sound	Num_Taste	Num_Smell	Num_Tact	Num_Ency	Num_Tax
accordion	[@][kO:][dj@n]	@	1	0.00	2	0.69	2.90	9	7	4	734.85	356.07	0	9	8	3	37.5	0.447	0.435	24.10	1	10	2	0	2	0	2	0	0	0	2	1
airplane	[E@][pleIn]	E@	21	3.04	108	4.68	6.55	8	5	2	254.93	32.61	0	13	13	4	30.8	0.300	0.303	308.59	10	28	3	3	5	0	0	0	0	0	2	0
alligator	[&][lI][geI][t@r*]	&	4	1.39	114	4.74	3.75	9	8	4	214.76	42.59	0	16	14	4	28.6	0.314	0.326	214.62	10	22	0	2	6	1	0	0	0	0	5	2
ambulance	[&m][bjU][l@ns]	&	7	1.95	1846	7.52	6.45	9	9	3	287.82	135.47	0	19	17	9	52.9	0.548	0.542	26.00	2	7	7	1	4	3	1	0	0	0	1	2
anchor	[&N][k@r*]	&	17	2.83	700	6.55	3.85	6	5	2	336.50	22.85	0	14	13	9	69.2	0.684	0.710	16.20	1	17	3	0	3	0	0	0	0	1	6	1
ant	[&nt]	&	13	2.56	1012	6.92	7.55	3	3	1			6	12	11	2	18.2	0.311	0.296	26.83	3	8	0	2	3	2	0	0	0	0	4	1
apartment	[@][pA:t][m@nt]	@	98	4.58	1948	7.57	7.80	9	8	3	593.42	309.09	0	18	17	12	70.6	0.671	0.688	101.60	4	40	1	0	8	0	0	0	0	0	8	1
apple	"[&][pl,]"	&	15	2.71	3512	8.16	8.30	5	3	2	564.29	54.68	2	19	17	4	23.5	0.226	0.223	396.27	21	27	2	0	4	3	0	3	0	2	3	2
apron	[eI][pr@n]	eI	8	2.08	573	6.35	4.75	5	5	2	161.65	10.17	0	13	13	4	30.8	0.352	0.330	26.39	2	6	8	0	4	0	0	0	0	0	1	0
armour	[A:][m@r*]	A:	2	0.69	897	6.80	2.45	6	4	2	523.75	155.26	2	11	11	3	27.3	0.378	0.387	53.89	5	18	4	0	2	1	0	0	0	1	3	0
ashtray	[&S][treI]	&	1	0.00	324	5.78	5.60	7	5	2	325.76	38.62	0	11	11	5	45.5	0.442	0.436	0.00	0	0	4	0	5	0	0	0	1	0	1	0
asparagus	[@][sp&][r@][g@s]	@	1	0.00	116	4.75	5.85	9	9	4	221.07	22.18	0	9	8	0	0.0	0.129	0.113	171.40	15	54	3	0	1	1	0	1	0	0	2	1
avocado	[&][v@U][kA:][d@U]	&	16	2.77	130	4.87	3.70	7	7	4	148.24	7.69	0	10	8	3	37.5	0.331	0.332	31.59	2	20	2	0	2	1	0	1	0	1	1	2
axe	[&ks]	&	25	3.22	1226	7.11	4.60	3	3	1			8	16	14	5	35.7	0.340	0.355	245.12	12	33	6	0	5	0	0	0	0	2	1	2
bag	[b&g]	b	52	3.95	7536	8.93	8.55	4	3	1			22	12	12	2	16.7	0.238	0.242	91.14	7	16	3	0	5	1	0	0	0	0	3	0
bagpipe	[b&g][paIp]	b	1	0.00	122	4.80	3.20	7	6	2	148.71	1.90	0	9	8	4	50.0	0.535	0.564	49.76	3	50	2	0	2	1	1	0	0	0	2	1
ball	[bO:l]	b	123	4.81	9107	9.12	8.35	4	3	1	3261.22	442.52	18	9	9	1	11.1	0.226	0.201	63.05	5	18	5	0	1	1	0	0	0	1	1	0
balloon	[b@][lu:n]	b	13	2.56	1036	6.94	7.05	7	5	2	590.62	79.79	0	18	18	9	50.0	0.512	0.505	24.99	2	6	2	2	4	2	2	0	0	1	5	0
banana	[b@][nA:][n@]	b	5	1.61	991	6.90	8.10	6	6	3	440.39	29.34	0	15	14	2	14.3	0.236	0.232	180.99	12	18	3	0	4	2	0	1	0	1	3	1
banjo	[b&n][dZ@U]	b	2	0.69	49	3.89	3.15	5	5	2	354.46	21.93	0	12	11	3	27.3	0.358	0.344	76.35	3	11	4	0	4	0	2	0	0	0	1	1
banner	[b&][n@r*]	b	10	2.30	900	6.80	6.10	6	5	2	2079.73	263.28	6	13	12	4	33.3	0.365	0.378	36.02	2	7	3	0	7	1	0	0	0	0	1	1
barn	[bA:n]	b	33	3.50	1600	7.38	5.60	4	3	1	1518.60	65.03	12	17	16	8	50.0	0.542	0.543	42.15	2	7	6	0	6	1	0	0	1	0	2	1
barrel	[b&][r@l]	b	32	3.47	1438	7.27	5.05	6	5	2	663.07	72.16	3	11	10	4	40.0	0.378	0.357	11.75	1	7	4	0	5	1	0	0	0	0	0	1
basement	[beIs][m@nt]	b	33	3.50	872	6.77	7.60	8	7	2	520.65	240.20	1	16	16	9	56.3	0.589	0.575	122.54	8	38	1	0	7	0	0	0	1	2	5	0
basket	[bA:][skIt]	b	19	2.94	1830	7.51	6.90	6	6	2	933.52	108.46	2	9	9	6	66.7	0.679	0.684	0.00	0	0	4	0	3	0	0	0	0	0	2	0
bat_(animal)	[b&t]	b	24	3.18	1578	7.36	4.25	3	3	1			22	16	14	6	42.9	0.502	0.508	135.94	5	18	0	1	4	1	1	0	0	0	7	2
bat_(baseball)	[b&t]	b	24	3.18	1578	7.36	6.85	3	3	1			22	8	8	3	37.5	0.402	0.398	0.00	0	0	4	0	3	0	0	0	0	1	0	0
bathtub	[bA:T][tVb]	b	5	1.61	33	3.50	8.05	7	6	2	428.51	22.23	0	16	16	8	50.0	0.434	0.385	156.19	3	11	7	0	3	1	0	0	0	1	4	0
baton	[b&][t@n]	b	10	2.30	276	5.62	3.20	5	5	2	592.73	10.69	2	10	10	6	60.0	0.555	0.555	0.00	0	0	5	0	4	0	0	0	0	0	1	0
bayonet	[beI][@][nIt]	b	9	2.20	161	5.08	1.75	7	6	3	244.49	30.39	1	7	6	2	33.3	0.274	0.228	36.74	2	33	1	0	1	0	0	0	0	1	3	1
bazooka	[b@][zu:][k@]	b	1	0.00	23	3.14	2.05	7	6	3	88.36	0.84	0	11	9	0	0.0	0.119	0.088	152.89	10	28	3	0	2	0	2	0	0	0	2	2
beans	[bi:nz]	b	14	2.64	1857	7.53	7.00	5	4	1	1913.71	331.60	9	15	12	3	25.0	0.288	0.276	142.09	9	25	3	0	2	3	0	0	0	0	4	3
bear	[bE@r*]	b	83	4.42	7158	8.88	4.55	4	3	1	3039.46	757.07	18	19	17	1	5.9	0.113	0.114	146.84	14	12	1	1	7	3	0	0	0	0	5	2
beaver	[bi:][v@r*]	b	3	1.10	220	5.39	4.05	6	5	2	2620.17	165.15	4	15	13	6	46.2	0.502	0.531	119.69	6	29	1	2	2	1	0	0	0	1	6	2
bed	[bEd]	b	139	4.93	18117	9.80	8.95	3	3	1			14	17	16	9	56.3	0.560	0.578	217.57	8	38	2	0	5	0	0	0	0	3	6	1
bedroom	[bEd][rUm]	b	56	4.03	5967	8.69	8.95	7	6	2	647.21	60.94	0	10	9	5	55.6	0.585	0.670	108.43	3	50	2	0	6	0	0	0	0	0	1	1
beehive	[bi:][haIv]	b	1	0.00	92	4.52	5.10	7	5	2	894.19	44.66	0	8	8	6	75.0	0.758	0.757	0.00	0	0	2	0	1	1	0	0	0	0	4	0
beetle	"[bi:][tl,]"	b	1	0.00	556	6.32	4.20	6	4	2	1984.85	344.35	0	13	11	0	0.0	0.056	0.046	99.86	3	5	0	2	6	1	0	0	0	1	1	2
beets	[bi:ts]	b	2	0.69	133	4.89	5.50	5	4	1	963.76	44.64	4	15	13	3	23.1	0.222	0.203	149.46	10	22	4	0	2	2	0	0	0	1	4	2
belt	[bElt]	b	37	3.61	2695	7.90	7.95	4	4	1	2427.84	248.32	10	13	11	5	45.5	0.409	0.451	29.39	2	13	4	0	6	0	0	0	0	0	1	2
bench	[bEntS]	b	43	3.76	2605	7.87	7.60	5	4	1	1893.63	86.74	5	11	11	4	36.4	0.340	0.334	0.00	0	0	2	0	5	1	0	0	0	1	2	0
bike	[baIk]	b	1	0.00	2267	7.73	7.70	4	3	1	2070.95	1018.99	8	20	18	9	50.0	0.482	0.506	369.19	20	56	4	1	11	0	0	0	0	0	2	2
bin_(waste)	[bIn]	b	11	2.40	1291	7.16	8.10	3	3	1			18	9	9	3	33.3	0.291	0.282	0.00	0	0	2	0	6	0	0	0	1	0	0	0
birch	[b3:tS]	b	3	1.10	469	6.15	5.50	5	3	1	1666.70	75.27	2	10	9	3	33.3	0.439	0.469	238.05	9	60	1	0	4	1	0	0	0	0	3	1
biscuit	[bI][skIt]	b	7	1.95	1623	7.39	7.40	7	6	2	274.66	45.13	0	11	10	4	40.0	0.382	0.381	42.23	3	20	2	0	2	0	0	1	0	1	4	1
bison	"[baI][sn,]"	b	1	0.00	52	3.95	2.75	5	4	2	204.59	5.24	0	10	8	2	25.0	0.314	0.311	81.34	6	40	2	1	1	1	0	0	0	1	2	2
blackbird	[bl&k][b3:d]	b	1	0.00	300	5.70	3.75	9	7	2	81.32	14.26	0	12	10	0	0.0	0.084	0.069	778.95	27	60	0	2	3	1	2	0	0	0	2	2
blender	[blEn][d@r*]	b	1	0.00	91	4.51	5.80	7	7	2	927.32	61.04	3	15	14	6	42.9	0.505	0.519	147.86	8	29	5	0	7	0	1	0	0	0	1	1
blouse	[blaUz]	b	2	0.69	644	6.47	7.25	6	4	1	1091.18	73.18	0	15	13	3	23.1	0.203	0.219	421.15	21	47	2	0	6	1	0	0	0	1	3	2
blueberry	[blu:][b@][rI]	b	2	0.69	19	2.94	6.05	9	7	3	134.46	4.39	0	14	12	2	16.7	0.168	0.161	153.53	8	18	4	0	2	1	0	2	0	1	2	2
bluejay	[blu:][dZeI]	b	1	0.00	3	1.10	5.10	7	5	2	88.76	5.09	0	12	10	0	0.0	0.064	0.062	602.51	20	44	0	1	4	1	1	0	0	0	3	2
board_(black)	[bO:d]	b	286	5.66	18317	9.82	7.90	5	3	1	1070.84	221.31	3	11	11	7	63.6	0.535	0.591	0.00	0	0	4	0	2	2	0	0	0	0	3	0
board_(wood)	[bO:d]	b	286	5.66	18317	9.82	5.95	5	3	1	1070.84	221.31	3	13	13	7	53.8	0.407	0.396	0.00	0	0	5	0	3	1	0	0	0	1	3	0
boat	[b@Ut]	b	123	4.81	7391	8.91	6.55	4	3	1	5962.28	89.92	9	10	10	3	30.0	0.224	0.243	35.46	3	14	3	1	4	0	0	0	0	0	2	0
bolts	[b@Ults]	b	11	2.40	1323	7.19	4.90	5	5	1	513.14	12.43	8	13	12	4	33.3	0.338	0.300	122.17	7	25	5	0	5	0	0	0	0	0	2	1
bomb	[bOm]	b	71	4.26	4261	8.36	3.05	4	3	1	1753.66	43.91	3	15	13	5	38.5	0.502	0.521	272.81	17	61	4	0	1	0	2	0	0	0	6	2
book	[bUk]	b	289	5.67	37980	10.54	8.80	4	3	1	2605.50	882.98	12	16	16	13	81.3	0.730	0.719	10.95	1	33	3	0	8	0	0	0	0	0	5	0
bookcase	[bUk][keIs]	b	3	1.10	233	5.45	8.15	8	6	2	170.00	37.08	0	12	11	2	18.2	0.211	0.218	64.01	5	14	3	0	5	0	0	0	0	0	3	1
boots	[bu:ts]	b	33	3.50	4731	8.46	8.10	5	4	1	718.72	147.49	11	21	19	3	15.8	0.249	0.224	665.47	28	23	8	0	7	2	0	0	0	0	2	2
bottle	"[bO][tl,]"	b	91	4.51	6002	8.70	8.35	6	4	2	1977.10	752.72	1	15	14	5	35.7	0.404	0.422	232.86	12	33	5	0	5	2	0	0	0	0	2	1
bouquet	[bU][keI]	b	5	1.61	367	5.91	6.05	7	4	2	318.74	15.98	0	8	8	6	75.0	0.712	0.737	0.00	0	0	1	0	2	1	0	0	1	0	3	0
bow_(ribbon)	[b@U]	b	18	2.89	1918	7.56	6.35	3	2	1			18	8	8	4	50.0	0.453	0.439	0.00	0	0	3	0	2	2	0	0	0	0	1	0
bow_(weapon)	[b@U]	b	18	2.89	1918	7.56	3.25	3	2	1			18	13	12	2	16.7	0.241	0.237	74.61	4	9	4	0	5	0	0	0	0	0	3	1
bowl	[b@Ul]	b	26	3.26	3165	8.06	8.50	4	3	1	1122.63	34.78	7	14	14	3	21.4	0.296	0.271	100.63	7	13	7	0	4	1	0	0	0	0	2	0
box	[bOks]	b	84	4.43	11653	9.36	7.80	3	4	1			11	14	13	4	30.8	0.364	0.378	48.58	4	11	2	0	10	1	0	0	0	0	0	1
bra	[brA:]	b	1	0.00	493	6.20	7.45	3	3	1			3	20	18	10	55.6	0.475	0.475	97.29	8	29	3	0	9	3	0	0	0	1	2	2
bracelet	[breIs][lIt]	b	1	0.00	305	5.72	8.20	8	7	2	318.69	47.53	0	14	12	5	41.7	0.345	0.343	130.38	5	24	3	0	6	0	0	0	0	0	3	2
bread	[brEd]	b	41	3.71	3813	8.25	8.55	5	4	1	1280.06	514.39	6	16	14	8	57.1	0.565	0.550	0.00	0	0	5	0	1	2	0	0	0	1	5	2
brick	[brIk]	b	24	3.18	2832	7.95	7.40	5	4	1	1915.54	235.60	5	9	9	2	22.2	0.258	0.282	0.00	0	0	2	0	2	2	0	0	0	3	0	0
bridge	[brIdZ]	b	124	4.82	7562	8.93	7.10	6	4	1	517.90	103.16	2	14	13	6	46.2	0.492	0.503	10.29	1	5	5	0	6	0	0	0	0	0	2	1
broccoli	[brO][k@][lI]	b	1	0.00	134	4.90	7.55	8	7	3	309.85	17.17	0	12	11	2	18.2	0.218	0.230	286.51	17	47	3	0	3	1	0	1	0	0	3	1
broom	[bru:m]	b	2	0.69	391	5.97	7.65	5	4	1	867.40	108.06	4	13	13	7	53.8	0.546	0.556	55.94	3	20	5	0	6	0	0	0	0	0	2	0
brush	[brVS]	b	6	1.79	2448	7.80	8.70	5	4	1	638.39	55.64	3	12	12	5	41.7	0.444	0.408	55.94	3	14	6	0	4	0	0	0	0	0	2	0
bucket	[bV][kIt]	b	11	2.40	1404	7.25	6.55	6	5	2	885.63	225.09	1	7	7	0	0.0	0.085	0.082	27.30	3	14	3	0	4	0	0	0	0	0	0	0
buckle	"[bV][kl,]"	b	7	1.95	352	5.86	7.65	6	4	2	1062.77	39.56	1	8	8	3	37.5	0.343	0.338	0.00	0	0	2	0	4	0	0	0	0	0	2	0
budgie	  - 	b	1	0.00	143	4.96	4.40	6	4	2	149.88	27.01	0	17	15	1	6.7	0.116	0.105	586.13	24	26	0	3	3	4	4	0	0	0	1	2
buffalo	[bV][f@][l@U]	b	17	2.83	366	5.90	3.50	7	6	3	128.94	12.82	0	15	13	2	15.4	0.194	0.182	106.27	9	16	2	2	4	1	0	0	0	1	3	2
buggy	[bV][gI]	b	7	1.95	231	5.44	4.00	5	4	2	157.51	11.64	3	12	12	1	8.3	0.181	0.186	204.77	10	18	6	0	5	0	0	0	0	0	1	0
building	[bIl][dIN]	b	236	5.46	25691	10.15	8.35	8	6	2	1943.85	1159.52	0	15	15	2	13.3	0.266	0.252	298.33	14	18	3	0	11	0	0	0	0	0	1	0
bull	[bUl]	b	16	2.77	2173	7.68	3.60	4	3	1	2254.20	233.88	15	12	9	6	66.7	0.689	0.706	0.00	0	0	1	0	2	0	0	0	0	0	6	3
bullet	[bU][lIt]	b	28	3.33	1270	7.15	3.65	6	5	2	940.43	301.08	4	14	13	7	53.8	0.448	0.416	42.84	2	13	7	1	4	0	0	0	0	0	1	1
bungalow	[bVN][g@][l@U]	b	1	0.00	754	6.63	4.30	8	7	3	222.48	7.53	0	9	8	3	37.5	0.492	0.469	208.87	6	60	2	0	6	0	0	0	0	0	0	1
bureau	[bjU@][r@U]	b	45	3.81	1498	7.31	5.50	6	5	2	702.25	132.20	0	12	9	1	11.1	0.242	0.224	264.44	9	32	3	0	4	0	0	0	0	1	1	3
bus	[bVs]	b	40	3.69	6932	8.84	8.35	3	3	1			7	17	16	5	31.3	0.343	0.344	187.91	10	18	4	0	8	1	1	0	0	0	2	1
butterfly	[bV][t@][flaI]	b	3	1.10	1151	7.05	6.15	9	7	3	493.13	43.13	0	15	13	5	38.5	0.399	0.411	112.32	4	14	0	2	3	2	0	0	0	0	6	2
buzzard	[bV][z@d]	b	1	0.00	236	5.46	2.20	7	5	2	194.55	55.64	0	14	11	1	9.1	0.102	0.080	372.20	10	22	0	3	5	1	0	0	0	0	2	3
cabbage	[k&][bIdZ]	k	4	1.39	500	6.21	5.60	7	5	2	429.35	134.91	0	16	15	3	20.0	0.266	0.261	327.84	24	36	6	0	2	2	0	0	1	0	4	1
cabin	[k&][bIn]	k	30	3.40	1289	7.16	5.10	5	5	2	609.90	48.56	0	10	10	5	50.0	0.444	0.478	12.12	1	10	2	0	4	0	0	0	0	1	3	0
cabinet	[k&][bI][nIt]	k	22	3.09	6902	8.84	8.35	7	7	3	457.82	77.06	0	10	9	1	11.1	0.141	0.095	125.88	8	29	2	0	5	0	0	0	0	0	2	1
cage	[keIdZ]	k	11	2.40	1346	7.20	5.65	4	3	1	847.77	75.61	13	13	13	8	61.5	0.657	0.662	7.37	1	10	6	0	6	0	0	0	0	0	1	0
cake	[keIk]	k	16	2.77	3791	8.24	7.40	4	3	1	2599.49	919.33	18	17	14	9	64.3	0.613	0.609	90.76	5	50	3	0	0	0	0	3	0	0	8	3
calf	[kA:f]	k	17	2.83	1083	6.99	4.35	4	3	1	1435.68	313.85	3	14	12	5	41.7	0.409	0.404	114.80	8	38	3	2	5	0	1	0	0	0	1	2
camel	"[k&][ml,]"	k	2	0.69	599	6.40	2.40	5	4	2	747.25	79.42	1	15	13	7	53.8	0.530	0.562	7.22	1	7	2	2	4	2	0	0	0	0	3	2
camisole	  - 	k	1	0.00	31	3.43	4.20	8	7	3	404.65	44.69	0	18	15	6	40.0	0.371	0.353	214.92	12	33	3	0	7	1	0	0	0	2	2	3
canary	[k@][nE@][rI]	k	1	0.00	372	5.92	3.65	6	6	3	739.32	123.94	1	15	13	0	0.0	0.105	0.105	733.94	25	32	0	3	6	1	2	0	0	0	1	2
candle	"[k&n][dl,]"	k	23	3.14	1590	7.37	7.70	6	5	2	1598.70	230.40	1	14	14	9	64.3	0.633	0.659	43.82	1	10	2	2	4	1	0	0	1	0	4	0
cannon	[k&][n@n]	k	7	1.95	785	6.67	2.95	6	5	2	1014.92	256.49	3	17	16	5	31.3	0.300	0.297	118.93	9	16	2	1	5	1	2	0	0	1	4	1
canoe	[k@][nu:]	k	9	2.20	531	6.27	6.10	5	4	2	428.43	16.15	1	18	17	10	58.8	0.568	0.555	48.32	3	14	6	2	5	0	0	0	0	0	4	1
cantaloupe	  - 	k	1	0.00	4	1.39	6.30	10	8	3	104.77	0.00	0	14	12	2	16.7	0.234	0.234	548.91	31	69	0	0	3	2	0	2	0	2	3	2
cap_(bottle)	[k&p]	k	33	3.50	2797	7.94	7.95	3	3	1			19	9	9	5	55.6	0.505	0.510	0.00	0	0	4	0	4	0	0	0	0	0	1	0
cap_(hat)	[k&p]	k	33	3.50	2797	7.94	6.90	3	3	1			19	12	10	5	50.0	0.592	0.588	16.31	2	20	5	0	2	1	0	0	0	1	1	2
cape	[keIp]	k	24	3.18	1045	6.95	4.05	4	3	1	873.87	45.11	14	12	11	7	63.6	0.623	0.602	0.00	0	0	4	1	2	1	0	0	0	0	3	1
car	[kA:r*]	k	386	5.96	35374	10.47	8.60	3	3	1			18	16	15	3	20.0	0.268	0.270	349.16	19	29	2	1	7	1	0	0	0	0	4	1
card_(greeting)	[kA:d]	k	56	4.03	9654	9.18	7.05	4	3	1	1654.66	343.77	12	13	13	8	61.5	0.694	0.685	93.21	5	50	4	0	3	1	0	0	0	0	5	0
caribou	[k&][rI][bu:]	k	1	0.00	57	4.04	3.60	7	6	3	595.67	98.53	0	18	15	2	13.3	0.224	0.215	342.19	19	24	2	2	6	1	0	0	0	0	4	3
carpet	[kA:][pIt]	k	17	2.83	3396	8.13	8.75	6	5	2	1004.88	58.55	0	17	17	8	47.1	0.482	0.491	24.59	2	6	4	0	3	2	0	0	0	4	4	0
carrot	[k&][r@t]	k	5	1.61	872	6.77	7.60	6	5	2	768.79	117.43	1	18	16	6	37.5	0.369	0.389	275.20	15	33	4	0	4	2	0	0	0	1	5	2
cart	[kA:t]	k	10	2.30	1272	7.15	5.70	4	3	1	1686.33	416.39	14	11	11	1	9.1	0.233	0.222	392.60	16	36	5	0	6	0	0	0	0	0	0	0
cat	[k&t]	k	41	3.71	5540	8.62	7.65	3	3	1			22	20	15	5	33.3	0.364	0.368	147.73	11	24	0	2	8	0	2	0	0	0	3	5
catapult	  - 	k	1	0.00	189	5.24	2.15	8	8	3	235.60	15.17	0	9	8	3	37.5	0.310	0.294	0.00	0	0	4	0	3	0	0	0	0	0	1	1
caterpillar	  - 	k	2	0.69	375	5.93	5.35	11	8	4	0.00	0.00	0	14	13	4	30.8	0.297	0.304	20.91	2	6	1	2	3	3	0	0	0	1	3	1
catfish	[k&t][fIS]	k	2	0.69	232	5.45	3.35	7	6	2	355.23	29.90	0	10	9	0	0.0	0.115	0.124	639.93	21	58	1	2	4	0	0	0	0	0	2	1
cathedral	[k@][Ti:][dr@l]	k	11	2.40	2723	7.91	4.70	9	8	3	263.93	35.48	0	13	11	3	27.3	0.399	0.380	637.90	10	36	5	0	4	0	0	0	0	0	2	2
cauliflower	  - 	k	1	0.00	130	4.87	6.80	11	8	4	0.00	0.00	0	14	13	2	15.4	0.194	0.200	326.25	17	31	5	0	2	2	0	1	0	0	3	1
cedar	[si:][d@r*]	s	1	0.00	236	5.46	5.50	5	5	2	212.10	7.78	0	15	11	3	27.3	0.259	0.204	335.01	13	46	3	0	5	1	0	0	1	0	1	4
celery	[sE][l@][rI]	s	4	1.39	196	5.28	7.55	6	6	3	558.12	22.93	0	15	14	4	28.6	0.340	0.350	300.62	20	44	2	0	4	1	0	2	0	1	4	1
cellar	[sE][l@r*]	s	27	3.30	945	6.85	4.70	6	5	2	475.50	71.71	1	10	9	3	33.3	0.331	0.351	195.44	10	67	3	0	2	0	0	0	0	2	2	1
cello	[tSE][l@U]	tS	1	0.00	242	5.49	2.75	5	4	2	322.77	78.83	3	9	8	3	37.5	0.430	0.414	0.00	0	0	1	0	3	0	2	0	0	0	2	1
certificate	  - 	s	8	2.08	3728	8.22	6.95	11	9	4	0.00	0.00	0	12	10	8	80.0	0.774	0.762	0.00	0	0	4	0	4	0	0	0	0	0	2	2
chain	[tSeIn]	tS	60	4.09	5015	8.52	7.05	5	3	1	1160.95	474.04	1	11	10	2	20.0	0.240	0.219	18.24	2	7	2	0	4	2	0	0	0	0	2	1
chair	[tSE@r*]	tS	89	4.49	10023	9.21	8.70	5	3	1	1594.15	158.01	2	16	15	7	46.7	0.398	0.425	295.15	9	32	3	0	7	0	0	0	0	2	3	1
chandelier	[S&n][d@][lI@r*]	S	4	1.39	217	5.38	6.50	10	8	3	213.28	0.00	0	15	14	7	50.0	0.418	0.440	57.08	2	10	3	0	7	0	0	0	0	1	3	1
chapel	"[tS&][pl,]"	tS	22	3.09	2443	7.80	5.25	6	4	2	617.52	193.00	0	11	11	5	45.5	0.492	0.485	758.91	14	93	3	0	1	0	0	0	0	0	7	0
cheese	[tSi:z]	tS	9	2.20	2984	8.00	8.25	6	3	1	726.99	67.33	0	19	15	5	33.3	0.405	0.398	59.00	4	9	5	0	0	3	0	2	1	2	2	4
cheetah	[tSi:][t@]	tS	1	0.00	152	5.02	3.40	7	4	2	354.00	29.71	0	13	9	1	11.1	0.206	0.214	85.99	7	25	1	2	1	2	0	0	0	1	2	4
cherry	[tSE][rI]	tS	8	2.08	1096	7.00	6.90	6	4	2	457.23	43.32	2	12	10	1	10.0	0.147	0.171	234.85	12	33	1	0	4	1	0	2	0	0	2	2
chickadee	  - 	tS	1	0.00	4	1.39	3.80	9	6	3	133.44	16.29	0	15	12	0	0.0	0.047	0.045	609.85	20	30	0	1	5	3	2	0	0	0	1	3
chicken	[tSI][kIn]	tS	50	3.91	2579	7.86	7.95	7	5	2	583.27	134.97	1	20	18	6	33.3	0.314	0.308	517.13	18	27	2	4	4	0	2	0	0	0	6	2
chimp	[tSImp]	tS	1	0.00	176	5.17	3.25	5	4	1	2156.79	209.31	4	17	14	5	35.7	0.332	0.304	95.62	5	14	1	5	2	1	0	0	0	0	5	3
chipmunk	  - 	tS	1	0.00	26	3.26	6.00	8	7	2	317.21	118.84	0	14	12	2	16.7	0.203	0.195	100.55	5	11	0	3	3	2	0	0	0	1	3	2
chisel	"[tSI][zl,]"	tS	5	1.61	233	5.45	3.85	6	4	2	807.15	59.53	0	10	9	6	66.7	0.676	0.674	0.00	0	0	5	0	2	0	0	0	0	1	1	1
church	[tS3:tS]	tS	144	4.97	24058	10.09	6.10	6	3	1	639.45	196.06	0	15	14	8	57.1	0.542	0.549	657.66	10	67	4	0	4	0	0	0	0	0	6	1
cigar	[sI][gA:r*]	s	12	2.48	704	6.56	4.60	5	5	2	949.62	31.96	0	11	11	4	36.4	0.301	0.335	51.89	2	10	1	0	4	1	0	0	1	0	4	0
cigarette	[sI][g@][rEt]	s	37	3.61	3614	8.19	5.20	9	7	3	197.15	54.61	0	13	13	9	69.2	0.610	0.591	36.13	1	17	1	0	3	1	0	0	1	0	7	0
clam	[kl&m]	k	5	1.61	132	4.88	4.20	4	4	1	316.30	22.60	7	8	6	1	16.7	0.215	0.233	55.43	5	50	1	0	2	0	0	0	0	1	2	2
clamp	[kl&mp]	k	6	1.79	378	5.93	4.10	5	5	1	823.95	131.88	4	10	8	2	25.0	0.378	0.366	109.51	6	40	6	0	2	0	0	0	0	0	0	2
clarinet	[kl&][r@][nEt]	k	1	0.00	294	5.68	3.60	8	8	3	522.52	89.47	0	13	12	3	25.0	0.224	0.219	162.24	7	19	4	0	5	1	2	0	0	0	0	1
cloak	[kl@Uk]	k	3	1.10	873	6.77	3.30	5	4	1	732.37	121.08	2	8	5	1	20.0	0.171	0.172	24.26	1	17	1	0	2	1	0	0	0	1	0	3
clock	[klOk]	k	28	3.33	3404	8.13	8.60	5	4	1	973.91	213.38	7	14	12	8	66.7	0.700	0.716	13.33	1	17	3	0	5	0	1	0	0	0	3	2
closet	[klO][zIt]	k	12	2.48	260	5.56	8.70	6	6	2	777.48	169.04	3	13	12	5	41.7	0.507	0.502	193.98	7	33	3	0	6	0	0	0	0	0	3	1
coat	[k@Ut]	k	53	3.97	4403	8.39	8.35	4	3	1	5908.93	109.30	9	19	18	1	5.6	0.165	0.137	591.03	32	24	4	0	11	1	0	0	0	1	1	1
cockroach	[kOk][r@UtS]	k	2	0.69	147	4.99	3.60	9	6	2	337.03	1.88	0	14	13	3	23.1	0.232	0.194	7.86	1	2	0	1	5	2	0	0	0	1	4	1
coconut	[k@U][k@][nVt]	k	10	2.30	373	5.92	5.35	7	7	3	701.54	12.77	0	21	20	3	15.0	0.253	0.271	582.80	27	20	2	0	6	4	0	2	0	2	4	1
cod	[kOd]	k	6	1.79	385	5.95	3.60	3	3	1			22	9	8	2	25.0	0.297	0.281	435.45	13	87	1	1	3	0	0	0	0	0	3	1
coin	[kOIn]	k	19	2.94	2645	7.88	8.85	4	3	1	843.37	42.49	5	11	11	4	36.4	0.375	0.360	0.00	0	0	4	0	6	0	0	0	0	0	1	0
colander	[kV][l@n][d@r*]	k	1	0.00	54	3.99	2.35	8	8	3	909.34	123.09	0	6	5	1	20.0	0.145	0.176	0.00	0	0	1	0	3	0	0	0	0	0	1	1
comb	[k@Um]	k	7	1.95	544	6.30	7.90	4	3	1	1700.31	468.74	5	12	12	5	41.7	0.399	0.402	0.00	0	0	4	0	5	1	0	0	0	0	2	0
cork	[kO:k]	k	10	2.30	985	6.89	5.70	4	3	1	2541.49	458.63	8	7	7	5	71.4	0.576	0.576	0.00	0	0	4	0	1	1	0	0	0	0	1	0
corkscrew	[kO:k][skru:]	k	3	1.10	104	4.64	5.60	9	7	2	395.22	11.99	0	10	10	7	70.0	0.656	0.633	0.00	0	0	4	0	4	0	0	0	0	0	2	0
corn	[kO:n]	k	36	3.58	1224	7.11	7.85	4	3	1	2298.73	121.11	10	13	12	6	50.0	0.531	0.550	11.05	1	7	3	0	5	1	0	1	0	0	2	1
cottage	[kO][tIdZ]	k	25	3.22	4034	8.30	6.35	7	5	2	1128.17	157.48	0	13	12	4	33.3	0.419	0.365	84.34	5	18	2	0	5	0	0	0	0	0	5	1
couch	[kaUtS]	k	13	2.56	574	6.35	8.05	5	3	1	3910.02	776.27	6	20	19	6	31.6	0.319	0.313	527.36	18	23	6	0	7	0	0	0	0	3	3	1
cougar	  - 	k	1	0.00	14	2.64	2.20	6	4	2	896.05	267.21	0	23	18	2	11.1	0.171	0.148	200.97	17	14	0	3	7	1	0	0	0	0	7	5
cow	[kaU]	k	45	3.81	2611	7.87	5.40	3	2	1			23	22	20	6	30.0	0.259	0.264	212.46	15	16	3	4	5	3	1	0	1	0	3	2
coyote	[kOI][@U][tI]	k	2	0.69	52	3.95	2.85	6	5	3	574.18	11.72	0	17	12	2	16.7	0.219	0.211	153.21	14	31	1	0	4	0	1	0	0	1	5	5
crab	[kr&b]	k	2	0.69	565	6.34	4.20	4	4	1	106.15	19.02	6	16	13	3	23.1	0.308	0.316	113.65	9	20	1	1	5	1	0	1	0	1	3	3
cranberry	[kr&n][b@][rI]	k	1	0.00	121	4.80	4.05	9	8	3	227.15	17.04	0	14	12	3	25.0	0.320	0.291	164.30	11	31	2	0	2	1	0	3	0	0	4	2
crane_(machine)	[kreIn]	k	6	1.79	835	6.73	3.70	5	4	1	891.46	114.36	5	11	10	3	30.0	0.372	0.373	26.68	3	14	4	0	2	1	0	0	0	1	2	1
crayon	[kreI][@n]	k	1	0.00	165	5.11	7.60	6	5	2	535.33	22.19	0	13	13	7	53.8	0.564	0.568	29.22	3	20	7	0	1	2	0	0	0	0	3	0
crocodile	[krO][k@][daIl]	k	1	0.00	389	5.96	2.65	9	8	3	291.99	31.91	0	17	15	3	20.0	0.181	0.195	201.90	9	14	0	3	7	1	0	0	0	0	4	2
crossbow	  - 	k	1	0.00	113	4.73	3.35	8	6	2	349.97	20.72	0	8	7	2	28.6	0.293	0.243	74.61	4	40	3	0	2	0	0	0	0	0	2	1
crow	[kr@U]	k	3	1.10	533	6.28	5.00	4	3	1	2164.56	69.47	6	13	11	2	18.2	0.162	0.158	360.89	9	25	0	2	4	1	3	0	0	0	1	2
crowbar	[kr@U][bA:r*]	k	1	0.00	61	4.11	4.00	7	6	2	574.85	55.61	0	12	10	5	50.0	0.362	0.361	0.00	0	0	5	0	2	1	0	0	0	2	0	2
crown	[kraUn]	k	19	2.94	5492	8.61	2.95	5	4	1	972.20	339.18	7	14	14	9	64.3	0.672	0.669	100.97	3	30	4	0	4	0	0	0	0	1	5	0
cucumber	[kju:][kVm][b@r*]	k	1	0.00	252	5.53	7.10	8	9	3	472.34	92.43	0	16	15	4	26.7	0.295	0.288	261.92	15	27	3	0	5	3	0	0	0	2	2	1
cup	[kVp]	k	59	4.08	13575	9.52	8.20	3	3	1			9	21	19	4	21.1	0.269	0.257	559.98	29	28	6	0	8	1	0	0	0	0	4	2
cupboard	[kV][b@d]	k	4	1.39	1943	7.57	8.00	8	5	2	180.80	39.61	0	10	10	3	30.0	0.323	0.355	172.17	9	43	5	0	4	0	0	0	0	0	1	0
curtains	"[k3:][tn,z]"	k	21	3.04	3412	8.14	8.40	8	5	2	1057.34	66.57	0	13	13	6	46.2	0.349	0.345	346.47	11	52	8	0	2	1	0	0	0	0	2	0
cushion	"[kU][Sn,]"	k	10	2.30	1004	6.91	7.90	7	4	2	656.01	265.37	0	16	15	6	40.0	0.331	0.271	202.21	7	19	3	0	6	1	0	0	0	2	3	1
dagger	[d&][g@r*]	d	1	0.00	433	6.07	3.00	6	5	2	1643.90	177.13	2	14	12	3	25.0	0.253	0.256	189.63	9	25	4	0	6	0	0	0	0	1	1	2
dandelion	[d&n][dI][laI][@n]	d	1	0.00	189	5.24	6.40	9	9	4	693.53	309.94	0	13	10	5	50.0	0.521	0.519	7.75	1	10	0	0	2	2	0	0	0	1	5	3
deer	[dI@r*]	d	13	2.56	930	6.84	5.40	4	3	1	2800.84	113.27	10	20	16	2	12.5	0.200	0.199	381.41	23	25	2	2	7	2	0	0	0	0	3	4
desk	[dEsk]	d	69	4.23	4873	8.49	8.65	4	4	1	843.21	82.29	3	16	15	8	53.3	0.523	0.518	49.07	3	14	4	0	7	0	0	0	0	0	4	1
dish	[dIS]	d	37	3.61	3043	8.02	8.80	4	3	1	595.11	176.78	5	10	10	1	10.0	0.124	0.139	82.85	5	14	3	0	4	1	0	0	0	0	2	0
dishwasher	[dIS][wO][S@r*]	d	1	0.00	254	5.54	7.30	10	8	3	218.20	0.00	0	13	12	6	50.0	0.408	0.411	18.86	1	7	2	0	5	0	1	0	0	0	4	1
dog	[dOg]	d	145	4.98	12536	9.44	8.15	3	3	1			14	18	14	7	50.0	0.467	0.455	92.54	7	33	1	2	6	0	1	0	0	1	3	4
doll	[dOl]	d	22	3.09	1167	7.06	7.75	4	3	1	3312.44	43.66	11	12	10	4	40.0	0.503	0.525	76.95	5	33	4	0	2	0	0	0	0	0	4	2
dolphin	[dOl][fIn]	d	5	1.61	1614	7.39	3.85	7	6	2	268.53	14.19	0	23	20	9	45.0	0.359	0.355	200.14	8	15	1	5	2	1	2	0	0	1	8	3
donkey	[dON][kI]	d	1	0.00	731	6.59	4.45	6	5	2	710.05	39.01	1	14	12	2	16.7	0.188	0.190	163.72	13	29	1	0	5	2	1	0	0	1	2	2
door	[dO:r*]	d	348	5.85	30174	10.31	8.95	4	3	1	2587.59	446.65	5	13	13	6	46.2	0.415	0.413	180.59	3	14	6	0	7	0	0	0	0	0	0	0
doorknob	[dO:][nOb]	d	3	1.10	40	3.69	8.85	8	5	2	81.34	5.40	0	9	9	3	33.3	0.441	0.432	8.75	1	7	3	0	4	0	0	0	0	1	1	0
dove	[dVv]	d	5	1.61	458	6.13	3.70	4	3	1	3310.75	274.58	13	10	9	1	11.1	0.183	0.166	456.00	12	43	0	1	3	1	0	0	0	0	4	1
drain	[dreIn]	d	23	3.14	1620	7.39	7.70	5	4	1	1132.34	483.42	4	9	9	6	66.7	0.617	0.640	0.00	0	0	3	0	2	0	0	0	0	0	4	0
drapes	[dreIps]	d	1	0.00	125	4.83	7.70	6	5	1	931.81	44.84	3	18	17	8	47.1	0.402	0.416	346.47	11	31	11	0	2	1	0	0	0	1	2	1
dress	[drEs]	d	77	4.34	5907	8.68	7.85	5	4	1	1317.71	254.38	5	13	12	3	25.0	0.272	0.266	128.63	9	25	2	0	4	1	0	0	0	0	5	1
dresser	[drE][s@r*]	d	3	1.10	335	5.81	8.35	7	6	2	1175.58	205.24	2	11	10	1	10.0	0.209	0.249	266.22	9	25	2	0	6	0	0	0	0	1	1	1
drill	[drIl]	d	37	3.61	1373	7.22	6.00	5	4	1	1687.64	424.98	5	11	10	6	60.0	0.621	0.633	0.00	0	0	3	0	4	0	1	0	0	0	2	1
drum	[drVm]	d	26	3.26	1650	7.41	5.20	4	4	1	100.97	18.52	2	13	12	5	41.7	0.476	0.474	47.92	3	14	3	0	3	0	5	0	0	0	1	1
duck	[dVk]	d	13	2.56	2094	7.65	5.20	4	3	1	1488.22	53.91	13	20	17	4	23.5	0.203	0.205	739.15	29	37	2	4	6	0	1	0	0	0	4	3
dunebuggy	  - 	d	1	0.00	1	0.00	2.70	9	7	3	39.66	0.20	0	15	13	6	46.2	0.459	0.452	166.11	8	38	1	1	5	0	1	0	0	0	5	2
eagle	"[i:][gl,]"	i:	11	2.40	1793	7.49	3.60	5	3	2	650.78	23.17	0	17	14	3	21.4	0.243	0.239	562.12	20	36	0	2	6	0	0	0	0	0	6	3
earmuffs	  - 	i:	1	0.00	4	1.39	5.25	8	6	2	141.39	16.85	0	13	13	3	23.1	0.319	0.294	118.59	10	22	5	0	2	1	0	0	0	4	1	0
eel	[i:l]	i:	2	0.69	355	5.87	2.55	3	2	1			1	11	10	1	10.0	0.144	0.146	108.01	4	11	1	1	2	1	0	0	0	1	4	1
eggplant	  - 	eI	1	0.00	6	1.79	3.75	8	7	2	276.03	67.21	0	9	8	1	12.5	0.151	0.149	91.78	5	24	2	0	1	3	0	0	0	0	2	1
elephant	[E][lI][f@nt]	E	17	2.83	1508	7.32	3.50	8	7	3	369.51	100.69	0	17	15	4	26.7	0.291	0.314	196.87	12	22	2	2	8	1	0	0	0	0	2	2
elevator	[E][lI][veI][t@r*]	E	12	2.48	279	5.63	8.10	8	8	4	245.40	68.99	0	14	14	7	50.0	0.475	0.490	0.00	0	0	3	2	6	0	0	0	0	0	3	0
elk	[Elk]	E	2	0.69	40	3.69	2.65	3	3	1			3	16	13	1	7.7	0.155	0.131	192.64	14	21	2	2	5	1	0	0	0	1	2	3
emerald	[E][m@][r@ld]	E	9	2.20	345	5.84	4.05	7	7	3	229.89	61.29	0	12	9	5	55.6	0.589	0.598	13.44	1	17	3	0	1	1	0	0	0	0	4	3
emu	  - 	I	1	0.00	293	5.68	3.10	3	3	2			0	12	10	2	20.0	0.229	0.218	209.48	10	36	0	0	7	0	0	0	0	0	3	2
envelope	[En][v@][l@Up]	E	24	3.18	1860	7.53	7.90	8	7	3	234.94	39.02	0	11	11	7	63.6	0.608	0.621	0.00	0	0	4	0	3	2	0	0	0	0	2	0
escalator	[E][sk@][leI][t@r*]	E	1	0.00	141	4.95	7.35	9	9	4	180.25	24.30	0	11	10	6	60.0	0.541	0.505	0.00	0	0	0	3	4	1	0	0	0	0	2	1
falcon	[fO:l][k@n]	f	4	1.39	408	6.01	2.85	6	6	2	777.69	14.98	0	14	11	1	9.1	0.121	0.134	537.02	17	38	0	2	6	0	0	0	0	0	3	3
fan_(appliance)	[f&n]	f	39	3.66	5187	8.55	7.65	3	3	1			16	12	12	7	58.3	0.556	0.554	13.79	1	10	2	1	5	0	0	0	0	0	4	0
faucet	[fO:][sIt]	f	1	0.00	11	2.40	8.10	6	5	2	744.88	8.63	0	18	17	10	58.8	0.630	0.622	126.85	7	33	4	0	7	0	0	0	0	0	6	1
fawn	[fO:n]	f	1	0.00	145	4.98	3.80	4	3	1	1039.03	32.82	5	26	21	3	14.3	0.202	0.169	259.81	17	11	2	4	7	1	0	0	0	1	6	5
fence	[fEns]	f	46	3.83	2289	7.74	8.15	5	4	1	948.93	241.77	2	11	8	4	50.0	0.484	0.464	0.00	0	0	3	0	3	1	0	0	0	0	1	3
finch	[fIntS]	f	1	0.00	354	5.87	3.25	5	4	1	2077.23	277.85	3	10	9	0	0.0	0.040	0.037	505.99	19	53	0	2	4	1	1	0	0	0	1	1
flamingo	[fl@][mIN][g@U]	f	1	0.00	138	4.93	2.70	8	8	3	342.72	89.25	0	11	9	2	22.2	0.321	0.311	234.70	8	38	0	1	4	1	0	0	0	0	3	2
flea	[fli:]	f	2	0.69	331	5.80	4.35	4	3	1	273.14	29.33	5	17	15	8	53.3	0.601	0.613	35.23	3	14	0	3	1	1	0	0	0	0	10	2
flute	[flu:t]	f	1	0.00	509	6.23	4.60	5	4	1	796.67	38.11	1	13	12	0	0.0	0.086	0.081	180.25	9	14	3	0	7	1	1	0	0	0	0	1
football	[fUt][bO:l]	f	37	3.61	6735	8.82	6.10	8	6	2	159.31	43.32	0	15	15	7	46.7	0.560	0.577	135.16	8	29	4	1	7	2	0	0	0	0	1	0
fork	[fO:k]	f	7	1.95	1055	6.96	8.70	4	3	1	2377.90	597.01	8	14	13	5	38.5	0.381	0.406	41.56	3	11	1	0	8	0	0	0	0	1	3	1
fox	[fOks]	f	13	2.56	2741	7.92	4.70	3	4	1			8	17	14	2	14.3	0.175	0.166	209.70	16	24	1	1	6	1	0	0	0	0	5	3
freezer	[fri:][z@r*]	f	2	0.69	527	6.27	8.35	7	6	2	927.82	57.89	1	19	18	9	50.0	0.545	0.546	181.47	10	28	8	0	5	1	0	0	0	1	3	1
fridge	[frIdZ]	f	1	0.00	1052	6.96	8.80	6	4	1	467.16	106.07	2	19	18	4	22.2	0.310	0.304	312.57	18	20	4	0	9	1	0	0	0	2	2	1
frog	[frOg]	f	2	0.69	960	6.87	5.45	4	4	1	2962.21	264.63	3	16	14	3	21.4	0.254	0.255	263.05	11	20	0	5	3	1	1	0	0	0	4	2
garage	[g&][rA:dZ]	g	26	3.26	2387	7.78	7.85	6	5	2	611.33	96.15	0	9	9	4	44.4	0.442	0.451	64.08	4	40	5	0	3	0	0	0	0	0	1	0
garlic	[gA:][lIk]	g	4	1.39	802	6.69	7.85	6	5	2	571.80	133.71	0	21	20	14	70.0	0.560	0.581	31.75	2	13	10	0	4	1	0	2	2	0	1	1
gate	[geIt]	g	52	3.95	5823	8.67	7.10	4	3	1	738.56	306.17	13	14	14	8	57.1	0.525	0.541	180.59	3	20	7	0	6	0	0	0	0	0	1	0
giraffe	[dZI][rA:f]	dZ	1	0.00	106	4.66	4.05	7	5	2	85.30	6.15	0	14	12	0	0.0	0.147	0.191	390.26	20	30	0	1	5	3	0	0	0	0	3	2
gloves	[glVvz]	g	16	2.77	1405	7.25	8.40	6	5	1	964.13	117.71	4	14	12	5	41.7	0.386	0.378	416.20	13	62	5	0	4	0	0	0	0	0	3	2
goat	[g@Ut]	g	6	1.79	1201	7.09	4.05	4	3	1	5890.29	81.85	7	20	18	7	38.9	0.333	0.330	261.13	20	36	2	5	7	1	0	0	0	0	3	2
goldfish	[g@Uld][fIS]	g	1	0.00	365	5.90	6.40	8	7	2	203.88	26.69	0	14	11	3	27.3	0.280	0.306	404.92	10	36	0	2	4	2	0	0	0	0	3	3
goose	[gu:s]	g	7	1.95	889	6.79	4.90	5	3	1	1892.71	512.27	4	15	13	2	15.4	0.203	0.206	605.27	19	35	1	1	6	1	1	0	0	0	3	2
gopher	  - 	g	1	0.00	13	2.56	2.60	6	4	2	1841.01	451.34	0	8	7	0	0.0	0.093	0.111	118.59	4	19	0	1	4	1	0	0	0	0	1	1
gorilla	[g@][rI][l@]	g	1	0.00	209	5.34	2.65	7	6	3	532.83	8.03	0	16	14	5	35.7	0.365	0.384	54.38	3	8	0	2	4	1	0	0	0	1	6	2
gown	[gaUn]	g	18	2.89	1031	6.94	6.15	4	3	1	1544.82	729.84	4	12	10	5	50.0	0.559	0.545	41.12	3	30	2	0	2	1	0	0	0	0	5	2
grape	[greIp]	g	10	2.30	814	6.70	7.10	5	4	1	764.32	129.28	8	18	17	4	23.5	0.260	0.284	395.19	25	32	4	0	4	3	0	2	0	1	3	1
grapefruit	[greIp][fru:t]	g	3	1.10	135	4.91	6.20	10	8	2	47.19	0.00	0	22	21	3	14.3	0.232	0.235	1391.84	53	35	4	0	7	2	0	1	0	1	6	1
grasshopper	  - 	g	4	1.39	104	4.64	4.95	11	8	3	0.00	0.00	0	13	12	2	16.7	0.188	0.208	125.51	6	13	1	3	5	1	0	0	0	0	2	1
grater	  - 	g	1	0.00	30	3.40	5.05	6	5	2	2348.27	465.82	4	12	11	3	27.3	0.322	0.313	58.54	1	4	5	0	4	0	0	0	0	1	1	1
grenade	[gr@][neId]	g	9	2.20	373	5.92	2.20	7	6	2	527.52	55.70	0	15	13	5	38.5	0.354	0.369	50.26	3	11	4	0	4	1	2	0	0	0	2	2
groundhog	  - 	g	1	0.00	5	1.61	3.85	9	8	2	160.91	7.82	0	14	12	6	50.0	0.495	0.484	94.08	4	27	1	2	1	1	0	0	0	1	6	2
guitar	[gI][tA:r*]	g	22	3.09	3423	8.14	6.15	6	5	2	223.07	32.57	0	11	8	4	50.0	0.539	0.544	62.92	2	33	1	0	3	0	2	0	0	0	2	3
gun	[gVn]	g	119	4.78	5505	8.61	3.50	3	3	1			14	16	14	1	7.1	0.143	0.139	849.93	33	42	7	1	2	1	2	0	0	0	1	2
guppy	[gV][pI]	g	1	0.00	124	4.82	2.00	5	4	2	145.48	55.28	1	6	5	2	40.0	0.214	0.140	67.15	1	33	1	1	1	0	0	0	0	0	2	1
hammer	[h&][m@r*]	h	9	2.20	1354	7.21	6.30	6	5	2	1925.65	122.34	1	16	15	5	33.3	0.358	0.369	158.41	10	22	5	0	7	0	1	0	0	1	1	1
hamster	[h&m][st@r*]	h	1	0.00	159	5.07	6.10	7	7	2	1228.52	145.19	0	14	10	3	30.0	0.291	0.276	31.91	3	14	0	4	3	1	0	0	0	1	1	4
hare	[hE@r*]	h	1	0.00	674	6.51	3.25	4	3	1	5437.33	314.77	20	18	15	2	13.3	0.166	0.171	150.23	11	14	1	4	7	2	0	0	0	0	1	3
harmonica	[hA:][mO][nI][k@]	h	1	0.00	49	3.89	3.65	9	8	4	257.16	15.69	1	6	5	1	20.0	0.265	0.288	11.51	1	17	2	0	2	0	1	0	0	0	0	1
harp	[hA:p]	h	1	0.00	310	5.74	3.05	4	3	1	2813.71	162.93	7	8	7	2	28.6	0.363	0.378	103.51	3	30	2	0	3	0	1	0	0	0	1	1
harpoon	[hA:][pu:n]	h	1	0.00	47	3.85	2.10	7	5	2	720.84	53.59	0	11	10	3	30.0	0.289	0.250	56.53	3	20	5	0	3	0	0	0	0	1	1	1
harpsichord	  - 	h	1	0.00	155	5.04	2.40	11	10	3	0.00	0.00	0	6	5	0	0.0	0.092	0.081	48.28	2	20	0	0	3	0	2	0	0	0	0	1
hatchet	[h&][tSIt]	h	4	1.39	75	4.32	2.60	7	5	2	872.04	251.30	3	8	6	1	16.7	0.118	0.061	58.54	1	10	2	0	3	0	0	0	0	1	0	2
hawk	[hO:k]	h	14	2.64	572	6.35	3.50	4	3	1	2180.79	13.52	4	13	11	2	18.2	0.267	0.258	371.26	8	22	0	4	6	0	0	0	0	0	1	2
helicopter	[hE][lI][kOp][t@r*]	h	1	0.00	1556	7.35	4.05	10	10	4	207.60	0.00	0	10	10	3	30.0	0.284	0.306	18.00	2	10	3	2	3	0	1	0	0	0	1	0
helmet	[hEl][mIt]	h	3	1.10	969	6.88	6.20	6	6	2	651.85	33.75	0	12	11	5	45.5	0.489	0.509	49.41	3	20	6	0	2	1	0	0	0	1	1	1
hoe	[h@U]	h	1	0.00	115	4.74	3.70	3	2	1			11	15	14	5	35.7	0.436	0.450	397.84	19	53	6	0	8	0	0	0	0	0	0	1
honeydew	[hV][nI][dju:]	h	1	0.00	27	3.30	4.25	8	7	3	353.46	10.87	0	14	12	2	16.7	0.213	0.210	238.91	13	29	1	0	3	2	0	2	0	1	3	2
hook	[hUk]	h	7	1.95	1912	7.56	6.65	4	3	1	2409.11	733.71	12	9	9	2	22.2	0.288	0.340	128.50	6	29	4	0	3	0	0	0	0	1	1	0
hornet	  - 	h	1	0.00	96	4.56	5.30	6	6	2	963.70	186.23	1	12	11	4	36.4	0.298	0.315	160.40	6	29	0	2	3	2	1	0	0	0	3	1
horse	[hO:s]	h	185	5.22	12660	9.45	6.30	5	3	1	2390.84	194.63	5	19	18	4	22.2	0.271	0.271	264.16	20	22	5	2	6	0	0	0	0	0	5	1
hose	[h@Uz]	h	11	2.40	388	5.96	5.75	4	3	1	1480.45	151.04	11	16	15	9	60.0	0.585	0.585	8.76	1	7	4	0	6	1	0	0	0	0	4	1
hose_(leggings)	[h@Uz]	h	11	2.40	388	5.96	6.55	4	3	1	1480.45	151.04	11	13	12	6	50.0	0.426	0.423	42.23	3	20	5	0	3	2	0	0	0	1	1	1
house	[haUs]	h	674	6.51	61006	11.02	8.45	5	3	1	3678.92	705.75	5	16	15	2	13.3	0.222	0.221	333.57	15	19	2	0	10	0	0	0	0	1	2	1
housefly	  - 	h	1	0.00	6	1.79	6.85	8	7	2	477.41	1.03	0	15	13	2	15.4	0.198	0.216	187.63	7	13	1	3	5	1	1	0	0	0	2	2
hut	[hVt]	h	19	2.94	1620	7.39	3.25	3	3	1			18	6	5	2	40.0	0.354	0.372	0.00	0	0	0	0	4	0	0	0	0	0	1	1
hyena	[haI][i:][n@]	h	1	0.00	73	4.29	1.75	5	5	3	147.99	3.22	0	14	9	4	44.4	0.378	0.375	6.86	1	10	0	2	1	0	1	0	0	1	4	5
iguana	[I][gwA:][n@]	I	1	0.00	44	3.78	3.15	6	6	3	104.52	1.88	0	17	13	3	23.1	0.321	0.340	199.89	10	22	0	1	7	1	0	0	0	2	2	4
inn	[In]	I	10	2.30	1877	7.54	5.55	3	2	1			2	10	8	3	37.5	0.543	0.548	69.44	4	40	2	0	3	0	0	0	0	0	3	2
jacket	[dZ&][kIt]	dZ	39	3.66	3575	8.18	8.60	6	5	2	894.71	264.77	2	15	14	3	21.4	0.282	0.278	337.43	20	36	4	0	6	1	0	0	0	1	2	1
jar	[dZA:r*]	dZ	19	2.94	1058	6.96	6.95	3	3	1			14	12	11	5	45.5	0.509	0.538	217.79	10	67	4	0	5	1	0	0	0	0	1	1
jeans	[dZi:nz]	dZ	24	3.18	1283	7.16	8.65	5	4	1	1483.56	284.46	4	14	13	7	53.8	0.557	0.564	81.77	4	27	2	0	5	3	0	0	0	1	2	1
jeep	[dZi:p]	dZ	16	2.77	576	6.36	6.90	4	3	1	2102.41	256.34	7	14	12	6	50.0	0.539	0.557	69.80	2	13	3	0	3	1	0	0	0	0	5	2
jet	[dZEt]	dZ	33	3.50	1830	7.51	4.50	3	3	1			13	15	14	2	14.3	0.148	0.169	422.61	16	24	3	2	6	0	1	0	0	0	2	1
kettle	"[kE][tl,]"	k	3	1.10	989	6.90	7.80	6	4	2	1874.31	801.31	4	17	16	8	50.0	0.526	0.517	101.00	5	18	5	0	6	0	1	0	0	0	4	1
key	[ki:]	k	122	4.80	14964	9.61	8.75	3	2	1			5	12	12	8	66.7	0.565	0.596	18.24	2	33	5	0	3	2	0	0	0	0	2	0
keyboard_(musical)	[ki:][bO:d]	k	4	1.39	1145	7.04	5.55	8	5	2	124.76	33.47	0	10	8	1	12.5	0.174	0.191	66.10	5	24	0	0	2	2	3	0	0	0	1	2
kite	[kaIt]	k	1	0.00	958	6.86	5.20	4	3	1	2971.81	41.90	6	14	13	5	38.5	0.370	0.385	28.64	2	7	3	1	4	2	0	0	0	0	3	1
knife	[naIf]	n	83	4.42	3364	8.12	8.00	5	3	1	262.77	38.27	0	17	14	3	21.4	0.289	0.294	200.34	11	20	3	0	6	0	0	0	0	2	3	3
ladle	"[leI][dl,]"	l	1	0.00	84	4.43	4.95	5	4	2	789.70	29.33	0	11	9	3	33.3	0.211	0.217	23.47	1	7	4	0	4	0	0	0	0	0	1	2
lamb	[l&m]	l	14	2.64	2238	7.71	4.50	4	3	1	1250.37	32.21	3	16	15	6	40.0	0.270	0.254	125.75	8	22	4	1	3	2	1	0	0	2	2	1
lamp	[l&mp]	l	24	3.18	2150	7.67	8.55	4	4	1	1288.74	84.14	8	14	13	6	46.2	0.452	0.425	36.29	3	14	3	0	6	0	0	0	0	0	4	1
lantern	[l&n][t@n]	l	15	2.71	367	5.91	5.30	7	6	2	988.50	239.29	0	12	12	5	41.7	0.456	0.441	0.00	0	0	4	0	4	0	0	0	0	0	4	0
lemon	[lE][m@n]	l	19	2.94	1351	7.21	7.15	5	5	2	367.70	18.07	1	17	16	3	18.8	0.255	0.233	596.14	29	37	6	0	4	1	0	2	0	1	2	1
leopard	[lE][p@d]	l	1	0.00	335	5.81	3.35	7	5	2	385.27	67.13	0	9	6	1	16.7	0.241	0.232	6.86	1	10	0	1	3	0	0	0	0	1	1	3
leotards	[li:][@U][tA:dz]	l	1	0.00	83	4.42	6.05	8	7	3	240.10	20.68	1	12	10	6	60.0	0.538	0.531	51.24	4	67	3	0	0	2	0	0	0	2	3	2
lettuce	[lE][tIs]	l	1	0.00	448	6.10	7.95	7	5	2	883.74	148.22	0	18	15	6	40.0	0.398	0.388	290.39	21	58	4	0	2	1	0	0	0	1	7	3
level	"[lE][vl,]"	l	282	5.64	38894	10.57	4.95	5	4	2	1438.03	561.84	3	9	8	4	50.0	0.498	0.489	0.00	0	0	5	0	3	0	0	0	0	0	0	1
lime	[laIm]	l	13	2.56	706	6.56	5.35	4	3	1	4096.24	917.57	12	13	12	4	33.3	0.361	0.350	222.23	10	36	3	0	2	1	0	2	0	1	3	1
limousine	[lI][m@][zi:n]	l	5	1.61	228	5.43	4.10	9	7	3	697.35	41.16	0	19	18	10	55.6	0.531	0.546	49.94	4	14	2	0	6	2	0	0	0	0	8	1
lion	[laI][@n]	l	23	3.14	2155	7.68	4.05	4	4	2	1440.27	16.98	1	20	13	2	15.4	0.164	0.180	220.38	14	25	1	0	5	0	1	0	0	0	6	7
lobster	[lOb][st@r*]	l	1	0.00	334	5.81	5.85	7	7	2	1153.71	144.13	0	17	14	1	7.1	0.097	0.091	154.98	7	9	3	1	4	1	0	1	0	0	4	3
machete	[m@][tSE][tI]	m	1	0.00	63	4.14	2.00	7	6	3	450.76	43.02	0	8	6	0	0.0	0.040	0.029	76.22	3	20	1	0	3	0	0	0	0	1	1	2
mackerel	[m&][kr@l]	m	2	0.69	151	5.02	3.85	8	6	2	597.26	101.73	0	9	8	0	0.0	0.056	0.046	442.04	14	50	2	1	3	0	0	0	0	0	2	1
magazine	[m&][g@][zi:n]	m	64	4.16	6418	8.77	8.15	8	7	3	954.05	63.51	0	14	14	9	64.3	0.594	0.587	67.75	4	40	1	0	7	1	0	0	0	1	4	0
mandarin	[m&n][d@][rIn]	m	1	0.00	329	5.80	3.70	8	8	3	337.79	37.87	0	15	13	0	0.0	0.105	0.080	625.28	33	42	1	0	5	1	0	2	0	1	3	2
marble	"[mA:][bl,]"	m	24	3.18	1575	7.36	6.20	6	6	2	1482.52	164.68	0	14	14	3	21.4	0.270	0.298	137.71	9	16	4	1	4	2	0	0	0	2	1	0
mat	[m&t]	m	7	1.95	858	6.75	6.85	3	3	1			22	13	12	7	58.3	0.553	0.523	0.00	0	0	5	0	3	0	0	0	0	0	4	1
medal	"[mE][dl,]"	m	11	2.40	1643	7.40	5.90	5	4	2	564.40	27.71	2	14	11	6	54.5	0.591	0.589	101.71	3	30	1	0	6	0	0	0	0	0	4	3
menu	[mE][nju:]	m	7	1.95	2046	7.62	8.05	4	5	2	773.97	9.58	1	8	8	6	75.0	0.702	0.685	0.00	0	0	2	0	5	0	0	0	0	0	1	0
microscope	[maI][kr@s][k@Up]	m	9	2.20	680	6.52	5.70	10	9	3	70.73	0.00	1	13	12	9	75.0	0.782	0.772	0.00	0	0	4	0	5	0	0	0	0	0	3	1
microwave	[maI][kr@][weIv]	m	3	1.10	707	6.56	7.95	9	8	3	161.51	6.51	0	16	14	9	64.3	0.589	0.578	51.81	3	30	3	1	4	0	1	0	0	0	5	2
mink	[mINk]	m	6	1.79	273	5.61	2.35	4	4	1	1282.08	283.22	13	15	13	2	15.4	0.185	0.182	64.67	7	13	3	1	5	1	0	0	0	2	1	2
mink_(coat)	[mINk]	m	6	1.79	273	5.61	3.15	4	4	1	1282.08	283.22	13	11	11	3	27.3	0.327	0.345	57.71	3	11	2	0	3	3	0	0	0	2	1	0
minnow	  - 	m	1	0.00	107	4.67	3.55	6	5	2	557.98	126.12	0	13	10	4	40.0	0.378	0.389	303.23	9	60	3	3	3	0	0	0	0	0	1	3
mirror	[mI][r@r*]	m	31	3.43	4539	8.42	8.40	6	5	2	370.08	96.04	0	11	11	3	27.3	0.348	0.331	24.08	1	4	1	0	3	0	0	0	0	0	7	0
missile	[mI][saIl]	m	80	4.38	1902	7.55	2.60	7	5	2	743.36	148.26	1	17	15	4	26.7	0.352	0.329	182.65	10	18	5	2	3	0	1	0	0	0	4	2
mittens	"[mI][tn,z]"	m	2	0.69	33	3.50	6.45	7	5	2	1052.21	144.37	1	15	14	8	57.1	0.448	0.464	385.40	10	67	4	0	3	1	0	0	0	0	6	1
mixer	[mIk][s@r*]	m	3	1.10	284	5.65	5.90	5	6	2	2196.00	58.57	4	9	8	2	25.0	0.340	0.339	151.98	8	53	3	0	3	0	1	0	0	0	1	1
mole_(animal)	[m@Ul]	m	4	1.39	898	6.80	2.55	4	3	1	2109.31	110.72	14	14	12	3	25.0	0.245	0.245	85.29	3	8	0	2	6	1	0	0	0	1	2	2
moose	[mu:s]	m	1	0.00	98	4.58	3.35	5	3	1	1939.63	499.25	4	15	12	0	0.0	0.096	0.099	331.61	19	29	2	0	7	1	0	0	0	0	2	3
moth	[mOT]	m	3	1.10	540	6.29	5.65	4	3	1	4173.43	309.83	5	8	7	2	28.6	0.307	0.303	84.35	1	10	0	2	2	2	0	0	0	0	1	1
motorcycle	"[m@U][t@][saI][kl,]"	m	1	0.00	367	5.91	4.90	10	8	4	125.87	0.00	0	16	15	6	40.0	0.385	0.390	189.11	11	31	4	1	3	0	1	0	0	0	6	1
mouse	[maUs]	m	20	3.00	2912	7.98	4.95	5	3	1	3648.97	509.47	6	19	17	7	41.2	0.438	0.434	119.59	8	18	2	2	5	2	1	0	0	0	5	2
mouse_(computer)	[maUs]	m	20	3.00	1897	7.55	8.60	5	3	1	3648.97	509.47	6	12	12	7	58.3	0.625	0.640	25.68	2	20	3	0	7	0	1	0	0	0	1	0
mug	[mVg]	m	3	1.10	1078	6.98	8.60	3	3	1			13	14	12	4	33.3	0.371	0.349	211.96	8	29	7	0	5	0	0	0	0	0	0	2
mushroom	[mVS][rUm]	m	4	1.39	901	6.80	7.20	8	6	2	126.12	31.21	0	16	14	3	21.4	0.291	0.291	68.68	5	9	5	0	3	2	0	0	0	0	4	2
muzzle	"[mV][zl,]"	m	11	2.40	241	5.48	3.25	6	4	2	889.19	12.24	2	8	8	6	75.0	0.739	0.758	0.00	0	0	4	0	2	0	0	0	0	0	2	0
napkin	[n&p][kIn]	n	5	1.61	317	5.76	8.25	6	6	2	254.75	5.70	0	14	14	6	42.9	0.509	0.521	51.36	5	18	5	0	3	2	0	0	0	1	3	0
necklace	[nEk][lIs]	n	5	1.61	404	6.00	8.00	8	6	2	359.18	12.97	0	17	15	8	53.3	0.486	0.491	167.33	8	38	3	0	8	0	0	0	0	0	4	2
nectarine	  - 	n	1	0.00	36	3.58	6.20	9	8	3	881.06	129.29	0	17	16	4	25.0	0.275	0.276	564.33	28	42	0	0	6	1	0	2	0	3	4	1
nightgown	[naIt][gaUn]	n	1	0.00	88	4.48	6.20	9	6	2	49.63	25.01	0	11	10	1	10.0	0.126	0.137	135.02	8	22	1	0	4	1	0	0	0	3	1	1
nightingale	  - 	n	5	1.61	245	5.50	1.80	11	8	3	0.00	0.00	0	6	5	0	0.0	0.038	0.037	398.85	10	100	0	1	3	0	1	0	0	0	0	1
nylons	[naI][lOnz]	n	1	0.00	734	6.60	6.20	6	6	2	317.99	43.65	1	18	16	9	56.3	0.460	0.449	144.43	6	29	5	0	5	2	0	0	0	1	3	2
oak	[@Uk]	@U	2	0.69	1950	7.58	6.10	3	2	1			4	11	10	1	10.0	0.189	0.202	125.63	5	14	2	0	4	1	0	0	0	1	2	1
octopus	[Ok][t@][p@s]	O	1	0.00	183	5.21	2.10	7	7	3	129.65	2.62	0	13	11	4	36.4	0.321	0.310	144.49	6	29	1	2	4	0	0	0	0	0	4	2
olive	[O][lIv]	O	6	1.79	1174	7.07	5.70	5	4	2	423.24	87.09	1	17	14	3	21.4	0.286	0.284	93.98	6	11	6	0	3	3	0	1	0	0	1	3
onions	[V][nj@nz]	V	19	2.94	1236	7.12	7.40	6	6	2	394.89	78.28	1	16	14	7	50.0	0.388	0.361	25.80	2	10	3	0	4	3	0	1	1	0	2	2
orange	[O][rIndZ]	O	29	3.37	3081	8.03	8.20	6	5	2	677.64	208.91	1	16	14	1	7.1	0.181	0.212	1296.22	51	65	1	0	6	1	0	1	0	1	4	2
oriole	  - 	O	16	2.77	16	2.77	2.40	6	5	3	1113.50	7.40	0	9	8	1	12.5	0.152	0.143	439.72	10	48	0	1	3	2	0	0	0	0	2	1
ostrich	[O][strItS]	O	1	0.00	168	5.12	2.55	7	6	2	273.98	5.54	0	19	18	3	16.7	0.263	0.282	616.89	27	26	0	3	8	0	0	0	0	0	7	1
otter	[O][t@r*]	O	5	1.61	348	5.85	2.70	5	4	2	3071.94	749.15	3	9	7	0	0.0	0.041	0.045	98.00	4	19	0	2	2	1	0	0	0	0	2	2
oven	"[V][vn,]"	V	8	2.08	1565	7.36	7.50	4	3	2	4586.99	1354.92	5	14	13	4	30.8	0.371	0.383	331.92	12	33	4	0	4	0	0	0	0	1	4	1
owl	[aUl]	aU	4	1.39	1648	7.41	4.10	3	2	1			3	13	11	1	9.1	0.193	0.210	434.80	12	27	0	2	4	1	1	0	0	0	3	2
ox	[Oks]	O	15	2.71	336	5.82	2.30	2	3	1			9	11	9	2	22.2	0.170	0.144	26.31	3	14	1	1	3	1	0	0	0	1	2	2
paintbrush	[peInt][brVS]	p	1	0.00	73	4.29	6.85	10	8	2	81.15	0.00	0	6	6	1	16.7	0.156	0.207	9.48	1	10	1	0	5	0	0	0	0	0	0	0
pajamas	  - 	p	4	1.39	3	1.10	8.50	7	7	3	209.89	5.41	1	11	10	5	50.0	0.443	0.399	59.10	3	30	1	0	5	0	0	0	0	3	1	1
pan	[p&n]	p	19	2.94	2211	7.70	6.70	3	3	1			19	12	12	5	41.7	0.422	0.406	46.61	3	14	3	0	6	0	0	0	0	0	3	0
panther	[p&n][T@r*]	p	2	0.69	184	5.21	2.60	7	6	2	1815.22	720.97	0	13	9	1	11.1	0.169	0.157	66.65	5	18	0	2	3	1	0	0	0	0	3	4
pants	[p&nts]	p	9	2.20	573	6.35	8.95	5	5	1	816.87	125.38	7	21	18	4	22.2	0.276	0.290	880.64	33	36	5	0	11	1	0	0	0	0	1	3
parakeet	  - 	p	1	0.00	40	3.69	2.95	8	7	3	287.71	33.56	0	16	14	1	7.1	0.135	0.131	758.74	27	35	0	3	4	1	4	0	0	0	2	2
parka	[pA:][k@]	p	1	0.00	45	3.81	4.60	5	4	2	766.62	184.65	1	10	8	3	37.5	0.500	0.497	105.80	4	40	2	0	4	0	0	0	0	1	1	2
parsley	[pA:s][lI]	p	1	0.00	383	5.95	5.00	7	5	2	788.12	100.29	1	10	7	3	42.9	0.303	0.314	58.67	4	67	3	0	1	1	0	1	0	0	1	3
partridge	[pA:][trIdZ]	p	1	0.00	249	5.52	2.55	9	6	2	272.54	52.96	1	10	8	1	12.5	0.147	0.148	439.72	10	48	2	1	3	0	0	0	0	0	2	2
peach	[pi:tS]	p	4	1.39	776	6.65	7.05	5	3	1	2529.48	221.63	7	15	14	3	21.4	0.267	0.268	568.34	27	49	1	0	4	1	0	2	0	4	2	1
peacock	[pi:][kOk]	p	6	1.79	578	6.36	3.85	7	5	2	620.58	69.42	0	16	14	2	14.3	0.200	0.194	297.09	10	15	0	2	5	3	0	0	0	0	4	2
pear	[pE@r*]	p	8	2.08	723	6.58	7.20	4	3	1	1922.61	703.16	15	13	12	1	8.3	0.157	0.154	220.72	12	22	1	0	2	3	0	2	0	2	2	1
pearl	[p3:l]	p	11	2.40	1070	6.98	5.10	5	3	1	1708.18	587.54	1	15	15	7	46.7	0.456	0.459	36.37	3	11	2	0	3	2	0	0	0	2	6	0
peas	[pi:z]	p	24	3.18	629	6.44	6.95	4	3	1	1452.57	31.09	11	12	11	2	18.2	0.223	0.232	140.53	9	25	3	0	2	2	0	1	0	0	3	1
peg	[pEg]	p	6	1.79	990	6.90	5.30	3	3	1			13	7	7	0	0.0	0.069	0.053	0.00	0	0	1	0	6	0	0	0	0	0	0	0
pelican	[pE][lI][k@n]	p	1	0.00	145	4.98	2.85	7	7	3	538.99	130.34	0	15	13	3	23.1	0.209	0.213	491.37	16	36	0	3	6	1	0	0	0	0	3	2
pen	[pEn]	p	20	3.00	2691	7.90	8.95	3	3	1			20	15	15	4	26.7	0.295	0.278	17.29	2	4	2	0	9	3	0	0	0	0	1	0
pencil	"[pEn][sl,]"	p	38	3.64	1451	7.28	8.60	6	5	2	614.46	19.14	0	16	15	9	60.0	0.614	0.637	29.11	3	20	4	0	7	1	0	0	0	0	3	1
penguin	[pEN][gwIn]	p	1	0.00	600	6.40	2.80	7	7	2	538.53	25.81	0	18	16	5	31.3	0.263	0.300	232.14	14	25	0	3	5	2	0	0	0	0	6	2
pepper	[pE][p@r*]	p	13	2.56	1169	7.06	7.80	6	5	2	2019.93	117.93	1	12	10	8	80.0	0.760	0.752	0.00	0	0	3	0	1	1	0	1	0	0	4	2
perch	[p3:tS]	p	1	0.00	302	5.71	4.00	5	3	1	1344.62	45.01	2	15	13	0	0.0	0.072	0.080	652.54	21	27	2	1	5	0	0	1	0	1	3	2
pheasant	"[fE][zn,t]"	f	3	1.10	326	5.79	3.15	8	5	2	457.24	119.15	1	9	7	0	0.0	0.025	0.024	439.72	10	48	2	1	3	0	0	0	0	0	1	2
piano	[pI][&][n@U]	p	39	3.66	2112	7.66	5.95	5	5	3	401.59	38.02	0	13	11	2	18.2	0.271	0.276	162.31	8	22	1	0	6	2	1	0	0	0	1	2
pickle	"[pI][kl,]"	p	2	0.69	284	5.65	7.35	6	4	2	1086.68	96.43	3	18	16	6	37.5	0.386	0.370	233.25	15	33	2	0	2	1	0	5	0	2	4	2
pie	[paI]	p	19	2.94	1610	7.38	7.35	3	2	1			11	13	10	4	40.0	0.339	0.346	77.59	4	27	3	0	3	0	0	2	0	0	2	3
pier	[pI@r*]	p	9	2.20	1129	7.03	5.25	4	3	1	917.02	9.80	5	11	11	8	72.7	0.702	0.696	0.00	0	0	4	0	3	0	0	0	0	0	4	0
pig	[pIg]	p	14	2.64	2508	7.83	5.15	3	3	1			14	22	19	10	52.6	0.529	0.533	109.27	9	25	4	1	8	1	2	0	1	0	2	3
pigeon	[pI][dZIn]	p	4	1.39	884	6.78	5.80	6	5	2	520.27	6.16	0	14	12	4	33.3	0.344	0.338	394.34	12	43	0	3	5	1	1	0	0	0	2	2
pillow	[pI][l@U]	p	6	1.79	1133	7.03	8.80	6	4	2	579.69	202.69	2	13	13	6	46.2	0.393	0.464	214.63	9	43	3	0	3	1	0	0	0	3	3	0
pin	[pIn]	p	22	3.09	1844	7.52	6.85	3	3	1			18	10	10	2	20.0	0.214	0.187	54.94	4	14	2	0	5	1	0	0	0	1	1	0
pine	[paIn]	p	16	2.77	1231	7.12	4.85	4	3	1	1485.10	354.50	18	11	8	4	50.0	0.392	0.393	84.33	3	50	2	0	2	1	0	0	1	1	1	3
pineapple	"[paIn][&][pl,]"	p	9	2.20	330	5.80	6.40	9	6	3	151.73	12.76	0	17	16	4	25.0	0.289	0.278	572.09	26	39	1	0	5	3	0	1	0	2	4	1
pipe	[paIp]	p	27	3.30	3681	8.21	4.45	4	3	1	307.50	33.58	7	12	12	5	41.7	0.428	0.422	0.00	0	0	3	0	7	0	0	0	0	1	1	0
pipe_(smoking)	[paIp]	p	27	3.30	3681	8.21	3.35	4	3	1	307.50	33.58	7	7	7	4	57.1	0.630	0.612	36.13	1	33	4	0	1	0	0	0	1	0	1	0
pistol	"[pI][stl,]"	p	4	1.39	951	6.86	3.00	6	5	2	577.48	69.53	1	19	17	3	17.6	0.252	0.267	947.40	36	40	7	1	3	0	2	0	0	1	3	2
plate	[pleIt]	p	45	3.81	6443	8.77	8.90	5	4	1	1356.64	430.95	4	20	19	3	15.8	0.212	0.189	337.66	18	15	4	0	10	1	0	0	0	0	4	1
platypus	[pl&][tI][p@s]	p	1	0.00	30	3.40	1.95	8	8	3	194.45	33.59	0	8	6	1	16.7	0.134	0.098	92.22	3	30	0	1	3	0	0	0	0	1	1	2
pliers	[plaI][@z]	p	1	0.00	72	4.28	4.90	6	5	2	703.96	215.47	1	12	11	2	18.2	0.308	0.307	66.94	4	11	4	0	5	0	0	0	0	0	2	1
plug_(electric)	[plVg]	p	25	3.22	1214	7.10	7.75	4	4	1	272.59	33.74	3	13	13	8	61.5	0.611	0.603	0.00	0	0	3	0	6	0	0	0	0	0	4	0
plum	[plVm]	p	1	0.00	425	6.05	6.20	4	4	1	269.63	34.08	5	15	14	2	14.3	0.162	0.173	436.26	23	35	3	0	5	2	0	2	0	1	1	1
pony	[p@U][nI]	p	16	2.77	1114	7.02	4.70	4	4	2	1174.63	19.27	7	18	15	3	20.0	0.270	0.257	234.87	17	26	3	2	9	0	0	0	0	0	1	3
porcupine	[pO:][kjU][paIn]	p	1	0.00	72	4.28	3.20	9	8	3	661.25	21.35	0	10	8	2	25.0	0.291	0.276	8.50	1	7	0	2	3	1	0	0	0	0	2	2
pot	[pOt]	p	28	3.33	3116	8.04	7.45	3	3	1			17	10	9	0	0.0	0.077	0.074	91.21	4	11	1	0	6	0	0	0	0	0	2	1
potato	[p@][teI][t@U]	p	33	3.50	2527	7.83	8.15	6	6	3	551.14	31.40	0	19	18	7	38.9	0.426	0.438	245.01	16	29	6	0	3	1	0	0	0	0	8	1
projector	[pr@][dZEk][t@r*]	p	1	0.00	247	5.51	6.60	9	9	3	416.75	162.95	1	6	6	4	66.7	0.764	0.769	0.00	0	0	3	0	1	0	0	0	0	1	1	0
prune	[pru:n]	p	1	0.00	205	5.32	5.15	5	4	1	880.90	23.86	2	18	17	7	41.2	0.413	0.384	406.15	20	44	4	0	6	2	0	1	0	1	3	1
pumpkin	[pVmp][kIn]	p	2	0.69	176	5.17	6.95	7	7	2	273.24	11.03	0	12	10	4	40.0	0.409	0.432	80.17	5	33	3	0	3	1	0	0	0	0	3	2
pyramid	[pI][r@][mId]	p	3	1.10	693	6.54	2.70	7	7	3	84.00	14.57	0	14	13	10	76.9	0.796	0.790	0.00	0	0	0	0	6	0	0	0	0	0	7	1
python	"[paI][Tn,]"	p	14	2.64	169	5.13	2.20	6	4	2	746.39	29.23	0	15	11	2	18.2	0.322	0.302	164.71	9	25	0	4	4	0	0	0	0	0	3	4
rabbit	[r&][bIt]	r	16	2.77	2486	7.82	6.05	6	5	2	344.26	17.13	1	14	12	2	16.7	0.198	0.182	44.06	4	9	2	2	6	0	0	0	0	1	1	2
raccoon	  - 	r	1	0.00	13	2.56	5.10	7	5	2	337.53	5.09	0	12	11	1	9.1	0.202	0.202	82.17	6	13	0	1	5	2	0	0	0	1	2	1
racquet	 -	r	1	0.00	77	4.34	5.75	7	5	2	159.92	10.86	0	13	12	6	50.0	0.526	0.527	0.00	0	0	6	0	6	0	0	0	0	0	0	1
radio	[reI][dI][@U]	r	127	4.84	9241	9.13	8.70	5	5	3	250.40	87.85	2	17	17	15	88.2	0.758	0.756	0.00	0	0	8	0	4	0	1	0	0	0	4	0
radish	[r&][dIS]	r	8	2.08	213	5.36	4.95	6	5	2	355.56	53.92	1	16	14	2	14.3	0.206	0.212	328.68	15	23	1	0	5	4	0	1	0	1	2	2
raft	[rA:ft]	r	5	1.61	404	6.00	4.70	4	4	1	463.23	4.92	5	14	13	6	46.2	0.474	0.469	55.54	3	14	4	1	5	0	0	0	0	0	3	1
raisin	"[reI][zn,]"	r	1	0.00	173	5.15	6.55	6	4	2	503.73	73.35	0	14	13	7	53.8	0.472	0.476	0.00	0	0	3	0	3	3	0	1	0	0	3	1
rake	[reIk]	r	11	2.40	353	5.87	5.80	4	3	1	2111.24	910.05	15	15	14	6	42.9	0.422	0.372	74.82	4	14	3	0	7	0	0	0	0	0	4	1
raspberry	[rA:z][b@][rI]	r	1	0.00	280	5.63	6.15	9	7	3	167.94	3.24	0	11	9	1	11.1	0.173	0.167	106.59	8	29	2	0	2	1	0	3	0	0	1	2
rat	[r&t]	r	9	2.20	2467	7.81	3.65	3	3	1			22	22	20	3	15.0	0.237	0.244	317.63	24	18	1	2	11	2	0	0	0	0	4	2
rattle	"[r&][tl,]"	r	6	1.79	441	6.09	5.00	6	4	2	2209.54	893.68	2	9	8	3	37.5	0.344	0.397	0.00	0	0	1	0	4	1	1	0	0	0	1	1
rattlesnake	  - 	r	8	2.08	56	4.03	2.70	11	8	3	0.00	0.00	0	19	17	3	17.6	0.321	0.309	245.92	16	18	0	4	7	1	1	0	0	0	4	2
raven	"[reI][vn,]"	r	1	0.00	308	5.73	3.20	5	4	2	1401.42	204.47	4	13	10	1	10.0	0.086	0.082	547.82	17	47	0	1	5	1	1	0	0	0	2	3
razor	[reI][z@r*]	r	15	2.71	483	6.18	7.85	5	5	2	284.09	7.99	0	8	8	3	37.5	0.415	0.417	58.54	1	10	4	0	2	0	0	0	0	1	1	0
revolver	[rI][vOl][v@r*]	r	14	2.64	262	5.57	3.05	8	8	3	961.49	185.43	2	15	13	4	30.8	0.333	0.325	337.97	12	33	4	1	3	1	1	0	0	0	3	2
rhubarb	[ru:][bA:b]	r	1	0.00	119	4.78	3.95	7	5	2	157.36	2.59	0	11	9	1	11.1	0.158	0.153	94.87	8	29	2	0	2	2	0	1	0	1	1	2
rice	[raIs]	r	33	3.50	1710	7.44	7.50	4	3	1	772.77	176.24	13	10	8	2	25.0	0.205	0.194	7.13	1	7	2	0	2	2	0	0	0	0	2	2
rifle	"[raI][fl,]"	r	86	4.45	1068	6.97	3.70	5	4	2	777.56	16.42	0	18	16	2	12.5	0.196	0.209	813.96	31	34	4	1	6	0	2	0	0	1	2	2
ring_(jewelry)	[rIN]	r	53	3.97	8583	9.06	8.00	4	3	1	1429.62	144.80	11	13	13	5	38.5	0.324	0.327	114.41	4	14	1	0	6	0	0	0	0	0	6	0
robe	[r@Ub]	r	10	2.30	758	6.63	7.40	4	3	1	453.06	10.67	8	16	15	6	40.0	0.408	0.401	72.86	4	11	5	0	5	1	0	0	0	3	1	1
robin	[rO][bIn]	r	2	0.69	2467	7.81	5.95	5	5	2	592.48	24.03	0	17	16	5	31.3	0.348	0.378	614.30	28	51	0	4	4	1	1	0	0	0	6	1
rock	[rOk]	r	98	4.58	9703	9.18	7.85	4	3	1	1108.06	111.53	12	12	9	2	22.2	0.262	0.234	39.68	3	14	2	0	0	1	0	0	0	5	1	3
rocker	[rO][k@r*]	r	5	1.61	257	5.55	5.30	6	5	2	2078.29	209.53	5	6	5	2	40.0	0.341	0.272	20.83	1	33	3	0	1	0	0	0	0	1	0	1
rocket	[rO][kIt]	r	20	3.00	892	6.79	2.25	6	5	2	970.63	248.48	6	12	11	5	45.5	0.374	0.352	0.00	0	0	2	2	4	0	0	0	0	0	3	1
rooster	[ru:][st@r*]	r	5	1.61	33	3.50	3.75	7	6	2	1208.94	147.77	1	18	14	5	35.7	0.355	0.362	215.83	8	22	2	0	6	2	1	0	0	0	3	4
rope	[r@Up]	r	19	2.94	2165	7.68	6.90	4	3	1	681.23	159.44	15	12	12	6	50.0	0.600	0.609	72.58	5	33	6	0	5	0	0	0	0	0	1	0
ruler	[ru:][l@r*]	r	13	2.56	1580	7.37	7.75	5	5	2	2072.01	70.13	3	18	17	9	52.9	0.560	0.575	48.04	3	11	3	0	11	0	0	0	0	0	3	1
sack	[s&k]	s	9	2.20	1468	7.29	5.70	4	3	1	3141.32	722.29	14	8	7	3	42.9	0.516	0.515	9.92	1	17	4	0	3	0	0	0	0	0	0	1
saddle	"[s&][dl,]"	s	27	3.30	848	6.74	3.75	6	4	2	1153.36	126.62	2	9	9	4	44.4	0.445	0.468	9.34	1	10	2	0	3	1	0	0	0	1	2	0
sailboat	  - 	s	4	1.39	21	3.04	4.95	8	6	2	206.79	8.80	0	14	13	6	46.2	0.357	0.364	46.29	4	19	4	1	6	0	0	0	0	0	2	1
salamander	[s&][l@][m&n][d@r*]	s	2	0.69	79	4.37	2.45	10	10	4	85.33	0.00	0	13	9	0	0.0	0.080	0.056	82.87	5	14	1	0	5	1	0	0	0	1	1	4
salmon	[s&][m@n]	s	3	1.10	1435	7.27	4.75	6	5	2	681.55	78.96	1	10	8	0	0.0	0.067	0.061	309.82	10	36	1	1	3	1	0	0	0	0	2	2
sandals	"[s&n][dl,z]"	s	5	1.61	323	5.78	7.45	7	6	2	375.95	81.85	1	17	15	8	53.3	0.462	0.492	113.47	5	24	5	0	4	1	0	0	0	1	4	2
sandpaper	[s&nd][peI][p@r*]	s	1	0.00	62	4.13	5.75	9	9	3	207.58	50.09	1	12	12	9	75.0	0.790	0.818	17.37	1	33	3	0	4	1	0	0	0	2	2	0
sardine	[sA:][di:n]	s	2	0.69	198	5.29	3.15	7	5	2	2137.42	243.50	0	11	10	2	20.0	0.183	0.203	79.74	2	7	2	1	1	0	0	2	1	1	2	1
saucer	[sO:][s@r*]	s	2	0.69	499	6.21	6.05	6	5	2	1707.18	30.83	1	15	12	6	50.0	0.493	0.496	165.71	7	47	3	0	5	0	0	0	0	0	4	3
saxophone	[s&k][s@][f@Un]	s	4	1.39	102	4.62	4.85	9	8	3	180.78	49.17	0	14	12	3	25.0	0.305	0.288	166.53	7	19	3	0	6	1	1	0	0	0	1	2
scarf	[skA:f]	s	4	1.39	749	6.62	7.50	5	4	1	768.79	48.13	3	12	11	0	0.0	0.139	0.145	421.91	17	31	3	0	2	2	0	0	0	1	3	1
scissors	[sI][z@z]	s	1	0.00	442	6.09	7.55	8	5	2	248.80	26.81	0	10	9	2	22.2	0.285	0.289	76.22	3	14	2	0	5	0	0	0	0	1	1	1
scooter	[sku:][t@r*]	s	1	0.00	111	4.71	2.60	7	6	2	1115.18	127.70	2	13	12	1	8.3	0.151	0.113	255.42	14	25	3	2	6	0	0	0	0	0	1	1
screwdriver	  - 	s	1	0.00	272	5.61	6.35	11	9	3	0.00	0.00	0	20	18	11	61.1	0.539	0.543	79.85	5	24	9	0	7	0	0	0	0	0	2	2
screws	[skru:z]	s	31	3.43	1228	7.11	6.55	6	5	1	485.61	37.09	3	19	18	8	44.4	0.431	0.447	120.04	8	18	8	0	8	0	0	0	0	0	2	1
seagull	[si:][gVl]	s	1	0.00	189	5.24	6.70	7	5	2	613.63	9.42	0	15	14	3	21.4	0.209	0.243	492.90	16	29	0	5	3	2	1	0	0	0	3	1
seal	[si:l]	s	21	3.04	2025	7.61	2.90	4	3	1	2028.63	334.66	13	17	15	5	33.3	0.288	0.268	117.36	6	13	3	2	3	0	0	0	0	1	6	2
seaweed	[si:][wi:d]	s	3	1.10	234	5.46	4.30	7	5	2	2135.83	170.51	0	10	9	4	44.4	0.412	0.424	7.10	1	10	2	0	1	1	0	0	1	1	3	1
shack	[S&k]	S	2	0.69	170	5.14	3.55	5	3	1	1283.53	336.68	8	12	12	1	8.3	0.238	0.221	90.89	7	13	3	0	6	0	0	0	0	0	3	0
shawl	[SO:l]	S	5	1.61	325	5.78	3.30	5	3	1	658.19	196.25	1	10	9	2	22.2	0.234	0.238	265.96	9	43	4	0	2	1	0	0	0	1	1	1
shed	[SEd]	S	15	2.71	2559	7.85	7.05	4	3	1	4591.33	23.18	5	12	11	4	36.4	0.375	0.395	80.97	5	24	4	0	5	0	0	0	0	0	2	1
sheep	[Si:p]	S	23	3.14	3044	8.02	4.25	5	3	1	2981.34	176.20	6	21	18	9	50.0	0.367	0.381	183.07	12	33	4	2	3	2	1	0	0	1	5	3
shell	[SEl]	S	36	3.58	3236	8.08	6.20	5	3	1	3251.22	108.25	5	8	7	2	28.6	0.372	0.361	0.00	0	0	1	0	1	1	0	0	0	1	3	1
shelves	[SElvz]	S	20	3.00	2617	7.87	7.90	7	5	1	887.15	43.91	2	11	11	3	27.3	0.250	0.239	26.39	3	11	3	0	4	0	0	0	0	0	4	0
shield	[Si:ld]	S	10	2.30	2224	7.71	2.85	6	4	1	1066.05	23.22	0	10	9	3	33.3	0.395	0.407	12.81	1	7	3	0	3	0	0	0	0	0	3	1
ship	[SIp]	S	126	4.84	7505	8.92	4.90	4	3	1	1904.97	65.14	8	13	13	5	38.5	0.377	0.397	119.34	6	21	4	1	4	0	0	0	0	0	4	0
shirt	[S3:t]	S	29	3.37	3623	8.20	8.80	5	3	1	2539.93	149.77	4	18	16	6	37.5	0.418	0.431	459.79	25	56	6	0	8	1	0	0	0	0	1	2
shoes	[Su:z]	S	58	4.06	4822	8.48	8.90	5	3	1	1898.45	273.39	5	19	18	9	50.0	0.442	0.434	298.67	12	33	8	0	9	0	0	0	0	0	1	1
shotgun	[SOt][gVn]	S	9	2.20	487	6.19	3.00	7	6	2	440.53	43.29	0	10	8	1	12.5	0.135	0.133	231.72	10	48	3	0	2	0	1	0	0	0	2	2
shovel	"[SV][vl,]"	S	8	2.08	280	5.63	6.45	6	4	2	993.06	349.25	2	15	14	7	50.0	0.602	0.604	329.13	15	71	7	0	6	0	0	0	0	0	1	1
shrimp	[SrImp]	S	2	0.69	409	6.01	5.80	6	5	1	640.39	31.24	0	13	13	0	0.0	0.066	0.055	175.69	8	10	1	1	4	3	0	1	0	0	3	0
sink	[sINk]	s	23	3.14	2190	7.69	8.50	4	4	1	1258.31	87.57	13	17	16	7	43.8	0.396	0.443	375.26	18	50	5	0	5	0	0	0	0	0	6	1
skateboard	[skeIt][bO:d]	s	1	0.00	80	4.38	4.85	10	7	2	60.26	0.00	0	10	9	1	11.1	0.160	0.153	130.96	8	29	4	1	4	0	0	0	0	0	0	1
skillet	  - 	s	2	0.69	15	2.71	4.95	7	5	2	357.21	59.28	1	11	10	1	10.0	0.171	0.176	145.38	8	22	3	0	4	0	0	0	0	0	3	1
skirt	[sk3:t]	s	25	3.22	2136	7.67	7.75	5	4	1	375.83	56.70	1	14	12	4	33.3	0.405	0.423	180.84	12	43	2	0	6	2	0	0	0	1	1	2
skis	[ski:z]	s	9	2.20	1115	7.02	5.00	4	4	1	1658.03	53.04	4	13	13	6	46.2	0.490	0.463	83.43	2	10	3	0	4	0	0	0	0	0	6	0
skunk	  - 	s	1	0.00	57	4.04	5.50	5	5	1	893.09	26.27	1	12	11	3	27.3	0.298	0.299	117.98	9	32	0	1	6	2	0	0	1	0	1	1
skyscraper	[skaI][skreI][p@r*]	s	3	1.10	129	4.86	6.45	10	10	3	86.01	0.00	0	12	11	7	63.6	0.640	0.705	115.05	3	50	4	0	6	0	0	0	0	0	1	1
sled	[slEd]	s	1	0.00	34	3.53	6.35	4	4	1	550.33	11.54	9	12	12	4	33.3	0.345	0.365	36.03	2	7	4	1	3	1	0	0	0	0	3	0
sledgehammer	  - 	s	1	0.00	67	4.20	3.80	12	8	3	0.00	0.00	0	11	10	2	20.0	0.135	0.136	56.97	4	14	2	0	7	0	0	0	0	1	0	1
sleigh	[sleI]	s	1	0.00	45	3.81	5.35	6	3	1	397.95	6.64	0	9	9	2	22.2	0.320	0.311	18.54	1	5	3	0	3	0	0	0	0	0	3	0
slingshot	[slIN][SOt]	s	1	0.00	11	2.40	4.15	9	7	2	70.76	8.58	0	15	13	7	53.8	0.503	0.491	130.62	6	40	9	0	3	0	0	0	0	0	1	2
slippers	[slI][p@z]	s	10	2.30	502	6.22	6.75	8	6	2	370.17	163.10	3	13	11	3	27.3	0.384	0.395	400.64	14	50	4	0	1	0	0	0	0	3	3	2
snail	[sneIl]	s	2	0.69	543	6.30	5.40	5	4	1	501.25	21.92	1	9	9	3	33.3	0.402	0.444	101.94	5	33	2	1	3	0	0	0	0	1	2	0
socks	[sOks]	s	7	1.95	1231	7.12	8.90	5	4	1	600.43	90.11	9	15	13	2	15.4	0.254	0.271	432.17	13	24	3	0	5	1	0	0	1	0	3	2
sofa	[s@U][f@]	s	9	2.20	1168	7.06	8.40	4	4	2	1031.53	59.08	3	18	17	8	47.1	0.405	0.373	527.36	18	50	5	0	6	0	0	0	0	2	4	1
spade	[speId]	s	14	2.64	481	6.18	4.95	5	4	1	557.69	135.66	5	7	5	1	20.0	0.277	0.271	11.04	1	17	2	0	2	1	0	0	0	0	0	2
sparrow	[sp&][r@U]	s	1	0.00	294	5.68	4.35	7	5	2	321.59	12.34	0	13	11	1	9.1	0.154	0.157	733.51	27	60	0	1	4	0	2	0	0	0	4	2
spatula	  - 	s	1	0.00	46	3.83	7.00	7	7	3	284.51	18.74	0	12	11	1	9.1	0.152	0.144	61.00	4	9	3	0	7	0	0	0	0	0	1	1
spear	[spI@r*]	s	7	1.95	587	6.38	3.10	5	4	1	1014.30	290.95	4	15	14	1	7.1	0.149	0.143	174.40	11	14	4	0	7	0	0	0	0	1	2	1
spider	[spaI][d@r*]	s	2	0.69	1036	6.94	7.25	6	6	2	1789.64	153.82	0	16	15	4	26.7	0.370	0.368	148.69	10	18	0	4	6	1	0	0	0	1	3	1
spinach	[spI][nIdZ]	s	2	0.69	199	5.29	5.00	7	6	2	270.92	39.94	0	11	10	1	10.0	0.190	0.200	354.20	27	75	4	0	1	1	0	0	0	0	4	1
spoon	[spu:n]	s	6	1.79	1013	6.92	8.65	5	4	1	567.62	74.23	4	19	18	8	44.4	0.380	0.381	101.29	8	18	7	0	7	1	0	0	0	0	3	1
squid	[skwId]	s	1	0.00	174	5.16	3.45	5	5	1	111.25	13.29	1	11	9	3	33.3	0.280	0.280	144.49	6	40	1	2	1	0	0	0	0	1	4	2
squirrel	[skI][r@l]	s	1	0.00	396	5.98	7.85	8	6	2	419.05	34.58	0	18	16	2	12.5	0.177	0.192	239.63	16	18	0	5	6	2	0	0	0	0	3	2
starling	[stA:][lIN]	s	1	0.00	183	5.21	2.75	8	6	2	1921.27	984.36	7	12	11	0	0.0	0.064	0.045	738.78	28	51	0	3	4	1	1	0	0	0	2	1
stereo	[stE][rI][@U]	s	12	2.48	608	6.41	8.95	6	6	3	608.42	21.51	0	15	15	11	73.3	0.664	0.650	0.00	0	0	5	0	7	0	2	0	0	0	1	0
stick	[stIk]	s	61	4.11	5540	8.62	7.55	5	4	1	2417.52	441.31	5	11	9	4	44.4	0.487	0.480	8.76	1	10	3	0	4	0	0	0	0	1	1	2
stone	[st@Un]	s	70	4.25	11527	9.35	7.40	5	4	1	1571.60	401.31	8	11	9	0	0.0	0.079	0.081	39.68	3	8	2	0	2	1	0	0	0	4	0	2
stool_(furniture)	[stu:l]	s	1	0.00	1144	7.04	7.80	5	4	1	1234.19	311.62	3	13	13	4	30.8	0.264	0.265	31.12	1	3	1	0	10	0	0	0	0	0	2	0
stork	[stO:k]	s	1	0.00	129	4.86	2.50	5	4	1	1228.56	317.12	5	14	13	3	23.1	0.230	0.238	383.30	11	24	1	3	7	1	0	0	0	0	1	1
stove	[st@Uv]	s	17	2.83	782	6.66	8.35	5	4	1	1392.43	366.63	6	13	12	4	33.3	0.402	0.429	358.79	14	50	3	0	4	0	0	0	0	1	4	1
strainer	[streI][n@r*]	s	1	0.00	40	3.69	6.70	8	7	2	1003.15	266.51	1	13	12	6	50.0	0.443	0.409	23.47	1	7	6	0	4	0	0	0	0	0	2	1
strawberry	[strO:][b@][rI]	s	2	0.69	661	6.49	8.45	10	8	3	115.36	0.00	0	17	16	6	37.5	0.360	0.346	190.86	10	22	5	0	2	2	0	2	0	2	3	1
submarine	[sVb][m@][ri:n]	s	47	3.85	767	6.64	3.05	9	8	3	794.81	121.07	0	13	13	7	53.8	0.490	0.459	0.00	0	0	4	0	4	0	0	0	0	0	5	0
subway	[sVb][weI]	s	8	2.08	167	5.12	5.90	6	5	2	283.51	50.17	0	14	13	6	46.2	0.475	0.472	63.93	3	14	2	1	3	0	1	0	0	0	6	1
surfboard	  - 	s	1	0.00	33	3.50	3.90	9	7	2	223.37	37.09	0	12	12	4	33.3	0.404	0.397	32.71	1	4	2	1	5	1	0	0	0	0	3	0
swan	[swOn]	s	4	1.39	1431	7.27	4.20	4	4	1	1014.32	14.22	8	16	15	3	20.0	0.240	0.268	601.78	22	33	0	2	5	1	1	0	0	0	6	1
sweater	[swE][t@r*]	s	18	2.89	774	6.65	8.45	7	6	2	1285.57	294.48	2	11	9	1	11.1	0.172	0.184	390.30	16	57	2	0	3	1	0	0	0	1	2	2
swimsuit	[swIm][su:t]	s	1	0.00	137	4.92	7.50	8	7	2	100.94	19.03	0	19	17	11	64.7	0.588	0.577	91.83	7	47	5	0	4	1	0	0	0	1	6	2
sword	[sO:d]	s	11	2.40	1887	7.54	2.95	5	3	1	417.54	23.16	3	16	15	4	26.7	0.254	0.249	184.99	11	20	3	0	9	0	0	0	0	1	2	1
table	"[teI][bl,]"	t	242	5.49	23156	10.05	8.95	5	4	2	820.00	229.24	4	11	10	3	30.0	0.287	0.283	31.12	1	5	1	0	6	0	0	0	0	0	3	1
tack	[t&k]	t	4	1.39	580	6.36	6.40	4	3	1	2157.01	718.41	15	13	13	3	23.1	0.309	0.294	54.39	4	9	3	0	4	2	0	0	0	1	3	0
tangerine	  - 	t	1	0.00	78	4.36	7.10	9	7	3	902.66	171.12	0	16	15	0	0.0	0.142	0.134	1419.41	58	55	1	0	6	1	0	1	0	1	5	1
tank_(army)	[t&Nk]	t	30	3.40	4793	8.47	2.55	4	4	1	1502.93	108.28	12	13	13	6	46.2	0.426	0.426	33.05	2	10	3	0	5	1	0	0	0	1	3	0
tank_(container)	[t&Nk]	t	30	3.40	4793	8.47	5.50	4	4	1	1502.93	108.28	12	10	10	1	10.0	0.182	0.170	48.08	3	8	5	0	5	0	0	0	0	0	0	0
tap	[t&p]	t	19	2.94	2549	7.84	7.85	3	3	1			18	9	8	3	37.5	0.476	0.475	17.96	1	10	4	0	1	0	0	0	0	0	3	1
tape_(scotch)	[teIp]	t	39	3.66	6317	8.75	7.80	4	3	1	639.81	48.13	10	11	11	7	63.6	0.635	0.633	7.66	1	17	2	0	2	2	0	0	0	1	4	0
taxi	[t&k][sI]	t	19	2.94	2195	7.69	7.35	4	5	2	460.62	29.61	0	10	8	2	25.0	0.244	0.277	99.82	6	40	2	1	0	1	0	0	0	0	4	2
telephone	[tE][lI][f@Un]	t	82	4.41	8551	9.05	8.85	9	7	3	337.53	125.99	0	12	12	7	58.3	0.595	0.612	25.18	2	20	3	0	6	0	1	0	0	0	2	0
tent	[tEnt]	t	30	3.40	1564	7.36	6.85	4	4	1	1476.33	687.57	15	11	11	5	45.5	0.551	0.547	36.62	3	20	4	0	4	0	0	0	0	0	3	0
thermometer	  - 	T	16	2.77	172	5.15	7.00	11	8	4	0.00	0.00	0	12	12	8	66.7	0.691	0.691	0.00	0	0	6	0	5	0	0	0	0	0	1	0
thimble	  - 	T	1	0.00	41	3.71	3.85	7	5	2	624.55	83.86	0	11	11	6	54.5	0.480	0.501	19.06	2	20	4	0	4	1	0	0	0	0	2	0
tie	[taI]	t	38	3.64	4506	8.41	6.90	3	2	1			12	14	12	4	33.3	0.362	0.390	96.24	10	36	2	0	6	1	0	0	0	0	3	2
tiger	[taI][g@r*]	t	8	2.08	1324	7.19	3.80	5	5	2	2726.76	56.60	1	24	19	4	21.1	0.224	0.211	231.84	14	13	1	0	8	2	1	0	0	0	7	5
toad	[t@Ud]	t	4	1.39	468	6.15	4.65	4	3	1	1109.57	122.80	5	23	19	4	21.1	0.259	0.242	340.97	14	13	0	6	5	2	1	0	0	1	4	4
toaster	[t@U][st@r*]	t	1	0.00	97	4.57	7.80	7	6	2	1262.21	170.52	2	14	13	7	53.8	0.519	0.521	138.80	9	60	4	1	4	0	0	0	0	1	3	1
toilet	[tOI][lIt]	t	17	2.83	2071	7.64	8.55	6	5	2	755.05	115.49	1	8	8	3	37.5	0.446	0.440	34.81	2	20	2	0	3	1	0	0	0	0	2	0
tomahawk	  - 	t	1	0.00	44	3.78	2.10	8	6	3	243.41	21.32	0	14	11	4	36.4	0.375	0.373	82.46	4	19	4	0	6	0	0	0	0	1	0	3
tomato	[t@][mA:][t@U]	t	7	1.95	1490	7.31	7.75	6	6	3	366.45	13.92	0	13	11	2	18.2	0.188	0.196	176.28	11	31	3	0	2	2	0	0	0	1	3	2
tongs	[tONz]	t	2	0.69	180	5.19	6.15	5	4	1	463.51	52.85	4	8	7	2	28.6	0.316	0.311	0.00	0	0	3	0	3	0	0	0	0	0	1	1
tortoise	[tO:][t@s]	t	4	1.39	285	5.65	2.40	8	5	2	354.30	63.00	0	14	11	2	18.2	0.247	0.264	154.02	5	14	0	2	4	1	0	0	0	1	3	3
toy	[tOI]	t	15	2.71	2141	7.67	7.70	3	2	1			15	8	7	3	42.9	0.517	0.552	60.41	3	50	5	0	0	0	0	0	0	0	2	1
tractor	[tr&k][t@r*]	t	31	3.43	730	6.59	6.00	7	7	2	375.99	104.16	1	13	12	3	25.0	0.218	0.241	25.23	2	6	1	1	5	2	1	0	0	0	2	1
trailer	[treI][l@r*]	t	23	3.14	653	6.48	6.15	7	6	2	1206.15	88.24	4	12	12	6	50.0	0.528	0.509	9.92	1	7	6	0	4	0	0	0	0	0	2	0
train	[treIn]	t	98	4.58	10384	9.25	6.05	5	4	1	1247.27	546.95	6	15	15	7	46.7	0.512	0.503	243.72	12	43	4	1	5	0	1	0	0	0	4	0
tray	[treI]	t	21	3.04	1826	7.51	6.75	4	3	1	545.19	42.53	7	12	12	3	25.0	0.312	0.318	65.04	7	19	5	0	6	0	0	0	0	0	1	0
tricycle	"[traI][sI][kl,]"	t	1	0.00	57	4.04	6.20	8	7	3	284.22	11.25	0	17	15	2	13.3	0.246	0.244	327.94	19	24	4	1	7	1	0	0	0	0	2	2
tripod	[traI][pOd]	t	4	1.39	172	5.15	3.45	6	6	2	397.73	19.65	1	6	6	4	66.7	0.723	0.713	0.00	0	0	4	0	2	0	0	0	0	0	0	0
trolley	[trO][lI]	t	5	1.61	730	6.59	3.70	7	5	2	736.24	76.29	1	8	8	1	12.5	0.178	0.166	35.36	2	10	3	0	4	0	0	0	0	0	1	0
trombone	[trOm][b@Un]	t	1	0.00	142	4.96	3.35	8	7	2	464.61	63.41	0	13	12	2	16.7	0.208	0.214	302.27	15	33	4	0	5	1	2	0	0	0	0	1
trousers	[traU][z@z]	t	10	2.30	545	6.30	6.80	8	6	2	690.44	180.30	0	19	17	3	17.6	0.250	0.260	930.08	34	37	4	0	8	1	0	0	0	1	3	2
trout	[traUt]	t	4	1.39	725	6.59	5.05	5	4	1	2151.82	993.63	0	14	12	1	8.3	0.155	0.176	652.54	21	38	2	1	4	0	0	1	1	0	3	2
truck	[trVk]	t	79	4.37	1867	7.53	7.65	5	4	1	756.54	128.98	4	13	11	2	18.2	0.262	0.250	273.68	14	39	2	0	6	0	0	0	0	1	2	2
trumpet	[trVm][pIt]	t	7	1.95	531	6.27	4.20	7	7	2	324.87	23.27	1	13	12	3	25.0	0.294	0.276	251.09	14	39	4	0	6	1	1	0	0	0	0	1
tuba	  - 	t	1	0.00	65	4.17	3.30	4	4	2	106.65	8.24	3	13	12	0	0.0	0.117	0.094	231.83	12	18	3	0	4	1	3	0	0	1	0	1
tuna	[tu:][n@]	t	1	0.00	357	5.88	5.65	4	4	2	205.32	9.52	1	14	13	2	15.4	0.136	0.122	375.97	14	25	4	1	3	0	0	1	1	0	3	1
turkey	[t3:][kI]	t	10	2.30	2236	7.71	5.50	6	4	2	906.68	215.65	0	18	15	5	33.3	0.368	0.392	119.02	9	20	3	1	3	0	1	0	0	0	7	3
turnip	[t3:][nIp]	t	1	0.00	174	5.16	4.75	6	5	2	463.78	180.78	0	9	8	0	0.0	0.090	0.114	158.54	10	36	2	0	1	1	0	1	0	1	2	1
turtle	"[t3:][tl,]"	t	9	2.20	447	6.10	5.70	6	4	2	1559.43	462.24	1	18	14	3	21.4	0.221	0.223	165.52	5	9	0	4	5	1	0	0	0	1	3	4
typewriter	[taIp][raI][t@r*]	t	11	2.40	595	6.39	5.30	10	8	3	211.09	0.00	0	16	15	8	53.3	0.546	0.543	55.05	4	19	2	0	6	0	1	0	0	1	5	1
umbrella	[Vm][brE][l@]	V	11	2.40	987	6.89	7.35	8	7	3	117.06	14.24	0	11	11	4	36.4	0.291	0.272	0.00	0	0	3	0	6	1	0	0	0	0	1	0
unicycle	  - 	u:	1	0.00	14	2.64	2.75	8	7	4	185.06	11.92	0	9	8	4	50.0	0.453	0.514	73.57	3	50	3	0	3	0	0	0	0	0	2	1
urn	[3:n]	3:	4	1.39	226	5.42	2.60	3	2	1			0	7	7	3	42.9	0.317	0.307	0.00	0	0	2	0	2	0	0	0	0	0	3	0
van	[v&n]	v	32	3.47	4655	8.45	8.00	3	3	1			10	15	13	3	23.1	0.271	0.263	305.74	15	33	4	0	8	0	0	0	0	0	1	2
veil	[veIl]	v	11	2.40	617	6.42	3.70	4	3	1	673.89	10.09	2	10	9	4	44.4	0.511	0.549	51.68	3	30	3	0	1	3	0	0	0	0	2	1
vest	[vEst]	v	5	1.61	389	5.96	7.00	4	4	1	3128.29	437.09	11	10	9	5	55.6	0.409	0.428	9.04	1	17	2	0	3	1	0	0	0	0	3	1
vine	[vaIn]	v	12	2.48	913	6.82	5.00	4	3	1	1471.34	315.70	15	8	7	4	57.1	0.514	0.473	9.74	1	33	2	0	2	1	0	0	0	0	2	1
violin	[vaI][@][lIn]	v	1	0.00	702	6.55	3.80	6	6	3	274.45	13.22	0	11	10	4	40.0	0.472	0.491	157.11	6	40	3	0	3	1	1	0	0	0	2	1
vulture	[vVl][tS@r*]	v	4	1.39	291	5.67	2.40	7	6	2	468.91	263.34	1	18	15	5	33.3	0.202	0.212	463.18	13	29	0	3	8	0	0	0	0	0	4	3
wagon	[w&][g@n]	w	72	4.28	937	6.84	5.60	5	5	2	388.39	20.22	0	14	13	2	15.4	0.245	0.269	356.03	15	27	5	0	6	1	0	0	0	0	1	1
wall	[wO:l]	w	230	5.44	18207	9.81	8.90	4	3	1	3098.84	519.87	12	14	13	7	53.8	0.520	0.532	17.03	1	7	5	0	5	0	0	0	0	1	2	1
walnut	[wO:l][nVt]	w	16	2.77	461	6.13	5.75	6	6	2	414.12	49.52	0	11	9	1	11.1	0.166	0.165	16.21	2	7	3	0	2	1	0	0	0	2	1	2
walrus	[wO:l][r@s]	w	1	0.00	65	4.17	2.15	6	6	2	459.05	49.44	0	14	12	5	41.7	0.323	0.304	82.74	3	14	1	1	7	1	0	0	0	0	2	2
wand	[wOnd]	w	1	0.00	190	5.25	2.60	4	4	1	2300.30	727.52	9	10	9	6	66.7	0.672	0.672	0.00	0	0	5	0	2	1	0	0	0	0	1	1
wasp	[wOsp]	w	2	0.69	617	6.42	5.20	4	4	1	1299.50	25.72	6	16	14	4	28.6	0.225	0.196	239.08	9	20	0	2	3	2	1	0	0	0	6	2
whale	[weIl]	w	1	0.00	1339	7.20	3.50	5	3	1	2497.16	115.17	3	12	10	3	30.0	0.343	0.360	114.51	5	24	1	3	2	0	0	0	0	0	4	2
wheel	[wi:l]	w	77	4.34	4313	8.37	8.20	5	3	1	4260.26	456.58	0	10	10	7	70.0	0.616	0.633	0.00	0	0	1	1	5	0	0	0	0	0	3	0
wheelbarrow	  - 	w	1	0.00	251	5.53	5.40	11	6	3	0.00	0.00	0	14	14	3	21.4	0.257	0.242	124.22	7	13	5	0	8	0	0	0	0	0	1	0
whip	[wIp]	w	20	3.00	1143	7.04	3.75	4	3	1	3573.84	41.76	5	14	13	7	53.8	0.449	0.406	8.76	1	7	3	0	4	1	1	0	0	0	4	1
whistle	"[wI][sl,]"	w	4	1.39	930	6.84	6.40	7	4	2	421.65	51.59	2	14	14	6	42.9	0.438	0.448	16.56	2	7	6	0	4	0	4	0	0	0	0	0
willow	[wI][l@U]	w	10	2.30	524	6.26	3.50	6	4	2	675.89	200.55	3	10	8	1	12.5	0.214	0.204	128.24	4	19	0	0	6	2	0	0	0	0	0	2
woodpecker	[wUd][pE][k@r*]	w	1	0.00	146	4.98	4.10	10	8	3	60.55	0.00	0	15	13	5	38.5	0.348	0.335	261.54	8	29	0	4	4	0	2	0	0	0	3	2
worm	[w3:m]	w	9	2.20	1273	7.15	6.55	4	3	1	2233.65	722.34	9	11	11	3	27.3	0.325	0.333	8.74	1	4	2	3	2	1	0	0	0	1	2	0
wrench	[rEntS]	r	2	0.69	213	5.36	4.70	6	4	1	433.95	46.08	2	14	13	7	53.8	0.439	0.458	8.46	1	7	8	0	3	0	0	0	0	1	1	1
yacht	[jOt]	j	7	1.95	1426	7.26	3.85	5	3	1	773.06	4.92	0	14	13	7	53.8	0.391	0.348	47.47	3	20	5	0	3	0	0	0	0	0	5	1
yam	[j&m]	j	1	0.00	51	3.93	3.30	3	3	1			9	7	6	1	16.7	0.219	0.212	51.74	3	30	2	0	0	1	0	1	0	0	2	1
zebra	[zE][br@]	z	1	0.00	276	5.62	2.60	5	5	2	44.75	2.44	0	16	13	1	7.7	0.194	0.202	320.29	18	27	2	2	5	2	0	0	0	0	2	3
zucchini	  - 	z	1	0.00	1	0.00	5.10	8	6	3	0.00	0.00	0	15	14	4	28.6	0.288	0.271	286.36	8	18	4	0	4	3	0	1	0	0	2	1
